# Image list with two lines of data per image:
#   IMAGE_ID, QW, QX, QY, QZ, TX, TY, TZ, CAMERA_ID, NAME
#   POINTS2D[] as (X, Y, POINT3D_ID)
# Number of images: 573, mean observations per image: 0
1 0.40211489796638489 0.89076513051986694 0.19666717946529388 -0.078505069017410278 -1.5767067670822144 1.2161521911621094 0.82714027166366577 0 1/00003.png

2 0.43290501832962036 0.88428479433059692 0.15574590861797333 -0.079855546355247498 -1.5159896612167358 1.3491122722625732 0.74098300933837891 0 1/00008.png

3 0.39938399195671082 0.88342952728271484 0.23035396635532379 -0.083557061851024628 -1.6078091859817505 1.1221973896026611 0.86244368553161621 0 1/00000.png

4 0.42041793465614319 0.88862615823745728 0.16588878631591797 -0.077930226922035217 -1.5373086929321289 1.3126668930053711 0.76072144508361816 0 1/00006.png

5 0.39668712019920349 0.88821941614151001 0.21765923500061035 -0.079561367630958557 -1.5949101448059082 1.1538560390472412 0.85714501142501831 0 1/00001.png

6 0.43879678845405579 0.88054114580154419 0.15874223411083221 -0.083099089562892914 -1.510265588760376 1.347381591796875 0.75110656023025513 0 1/00009.png

7 0.45499175786972046 0.86347103118896484 0.19052179157733917 -0.10536450892686844 -1.4907318353652954 1.2723257541656494 0.84737098217010498 0 1/00013.png

8 0.39869511127471924 0.88968789577484131 0.20767666399478912 -0.079800061881542206 -1.5834299325942993 1.1833622455596924 0.84420549869537354 0 1/00002.png

9 0.42436259984970093 0.88735705614089966 0.16157323122024536 -0.080049477517604828 -1.5330473184585571 1.3341641426086426 0.76410013437271118 0 1/00007.png

10 0.45208993554115295 0.85779249668121338 0.2138340026140213 -0.1186668649315834 -1.4668464660644531 1.2220346927642822 0.94651472568511963 0 1/00015.png

11 0.4066435694694519 0.89150345325469971 0.18436655402183533 -0.076626278460025787 -1.5643869638442993 1.2512402534484863 0.8014751672744751 0 1/00004.png

12 0.44844770431518555 0.86984902620315552 0.18159951269626617 -0.096327021718025208 -1.5002545118331909 1.2963442802429199 0.82702434062957764 0 1/00012.png

13 0.41362342238426208 0.89038664102554321 0.17382745444774628 -0.076885111629962921 -1.5506361722946167 1.2853024005889893 0.77809017896652222 0 1/00005.png

14 0.44369995594024658 0.87660747766494751 0.16403292119503021 -0.088220678269863129 -1.507253885269165 1.3377695083618164 0.77009493112564087 0 1/00010.png

15 0.45384183526039124 0.86099332571029663 0.20072869956493378 -0.11147188395261765 -1.484877347946167 1.2515065670013428 0.89324098825454712 0 1/00014.png

16 0.45035913586616516 0.87088263034820557 0.17089733481407166 -0.097643665969371796 -1.5032234191894531 1.3192036151885986 0.78551983833312988 0 1/00011.png

17 0.44661217927932739 0.85531479120254517 0.22823278605937958 -0.12993861734867096 -1.4373111724853516 1.1929730176925659 1.0214576721191406 0 1/00016.png

18 0.43504533171653748 0.85154938697814941 0.25200098752975464 -0.14864291250705719 -1.3551399707794189 1.1375913619995117 1.1387864351272583 0 1/00018.png

19 0.42840328812599182 0.84186679124832153 0.28265479207038879 -0.16684518754482269 -1.3151021003723145 1.0787431001663208 1.2329483032226562 0 1/00020.png

20 0.41921523213386536 0.814689040184021 0.35011342167854309 -0.19483602046966553 -1.2147073745727539 0.94156146049499512 1.4016841650009155 0 1/00024.png

21 0.42263025045394897 0.82156145572662354 0.33371007442474365 -0.1872376948595047 -1.2513927221298218 0.97535067796707153 1.3499175310134888 0 1/00023.png

22 0.43791681528091431 0.85333788394927979 0.24163787066936493 -0.14715477824211121 -1.3925464153289795 1.1728088855743408 1.1047277450561523 0 1/00017.png

23 0.41049677133560181 0.80654615163803101 0.37184411287307739 -0.20665837824344635 -1.1733742952346802 0.89753067493438721 1.4629602432250977 0 1/00025.png

24 0.41310709714889526 0.78843694925308228 0.40549290180206299 -0.20805074274539948 -1.1233019828796387 0.83378833532333374 1.501578688621521 0 1/00027.png

25 0.42508673667907715 0.83589684963226318 0.29945343732833862 -0.17579880356788635 -1.2949854135513306 1.0440224409103394 1.2856390476226807 0 1/00021.png

26 0.40712094306945801 0.79486536979675293 0.39357483386993408 -0.21803766489028931 -1.1368046998977661 0.86505591869354248 1.5089864730834961 0 1/00026.png

27 0.42966541647911072 0.84772789478302002 0.26845353841781616 -0.157091423869133 -1.3396072387695312 1.1014676094055176 1.1896830797195435 0 1/00019.png

28 0.42470672726631165 0.8306395411491394 0.31420910358428955 -0.17588287591934204 -1.277414083480835 1.004753589630127 1.3030116558074951 0 1/00022.png

29 0.40994319319725037 0.78370630741119385 0.41804587841033936 -0.2073371410369873 -1.1073307991027832 0.79537242650985718 1.523047924041748 0 1/00028.png

30 0.40954470634460449 0.75678974390029907 0.46250468492507935 -0.21361590921878815 -1.046355128288269 0.71602296829223633 1.5749232769012451 0 1/00031.png

31 0.40604782104492188 0.74519109725952148 0.48126307129859924 -0.21954761445522308 -1.0112282037734985 0.68476176261901855 1.6061497926712036 0 1/00032.png

32 0.4135342538356781 0.76448965072631836 0.4478965699672699 -0.20960362255573273 -1.0679092407226562 0.74471300840377808 1.5468959808349609 0 1/00030.png

33 0.40331360697746277 0.73491173982620239 0.4974287748336792 -0.22317595779895782 -0.9885593056678772 0.65501517057418823 1.6341423988342285 0 1/00033.png

34 0.40145426988601685 0.72533959150314331 0.51349318027496338 -0.22145362198352814 -0.97957336902618408 0.61436021327972412 1.6538708209991455 0 1/00034.png

35 0.38979089260101318 0.69941836595535278 0.55868804454803467 -0.21620503067970276 -0.90611779689788818 0.47734883427619934 1.7159185409545898 0 1/00037.png

36 0.38095173239707947 0.68950027227401733 0.57468032836914062 -0.22182817757129669 -0.85541266202926636 0.44462466239929199 1.7519242763519287 0 1/00038.png

37 0.41350916028022766 0.77624291181564331 0.43077626824378967 -0.2022101879119873 -1.0917160511016846 0.76330220699310303 1.521794319152832 0 1/00029.png

38 0.39734193682670593 0.71707957983016968 0.52902084589004517 -0.21921040117740631 -0.96247589588165283 0.56838047504425049 1.6785287857055664 0 1/00035.png

39 0.3592909574508667 0.67846304178237915 0.59668147563934326 -0.23360008001327515 -0.73762714862823486 0.38440999388694763 1.8190374374389648 0 1/00040.png

40 0.3726198673248291 0.68535161018371582 0.58336913585662842 -0.22611550986766815 -0.80278134346008301 0.41543233394622803 1.7795509099960327 0 1/00039.png

41 0.35010895133018494 0.67321604490280151 0.60464763641357422 -0.24208498001098633 -0.68296808004379272 0.36967244744300842 1.847226619720459 0 1/00041.png

42 0.3426876962184906 0.67548578977584839 0.60371106863021851 -0.24863038957118988 -0.64958983659744263 0.36312958598136902 1.8632394075393677 0 1/00042.png

43 0.39780712127685547 0.7101319432258606 0.53965425491333008 -0.21502405405044556 -0.94602161645889282 0.52682393789291382 1.6815556287765503 0 1/00036.png

44 0.33564060926437378 0.68062114715576172 0.60006892681121826 -0.2530171275138855 -0.62713861465454102 0.35977977514266968 1.8762980699539185 0 1/00043.png

45 0.3317769467830658 0.68477112054824829 0.59513461589813232 -0.25850975513458252 -0.61140787601470947 0.35693874955177307 1.881902813911438 0 1/00044.png

46 0.32683879137039185 0.69224381446838379 0.58935576677322388 -0.25813683867454529 -0.61069810390472412 0.34438684582710266 1.8847591876983643 0 1/00045.png

47 0.32518884539604187 0.71998006105422974 0.56058448553085327 -0.24824593961238861 -0.63882875442504883 0.31362402439117432 1.8668668270111084 0 1/00050.png

48 0.32484501600265503 0.71866238117218018 0.56317955255508423 -0.24663490056991577 -0.64619618654251099 0.31605371832847595 1.8667615652084351 0 1/00049.png

49 0.32544264197349548 0.71352356672286987 0.56867522001266479 -0.24815234541893005 -0.64644730091094971 0.31897100806236267 1.8723368644714355 0 1/00048.png

50 0.32671502232551575 0.72281950712203979 0.55724841356277466 -0.2454860508441925 -0.64276427030563354 0.30823841691017151 1.8592517375946045 0 1/00051.png

51 0.32628226280212402 0.6991426944732666 0.58202123641967773 -0.25688645243644714 -0.62066727876663208 0.33902987837791443 1.8805085420608521 0 1/00046.png

52 0.33406639099121094 0.73572522401809692 0.54071998596191406 -0.23394428193569183 -0.65888875722885132 0.30080622434616089 1.8281787633895874 0 1/00055.png

53 0.33309894800186157 0.72547215223312378 0.55233186483383179 -0.240134596824646 -0.65681147575378418 0.3056337833404541 1.84446120262146 0 1/00053.png

54 0.32583260536193848 0.70649152994155884 0.57520169019699097 -0.25267744064331055 -0.6348109245300293 0.32770934700965881 1.8763799667358398 0 1/00047.png

55 0.33476877212524414 0.72983723878860474 0.5470690131187439 -0.23660683631896973 -0.66080391407012939 0.30399289727210999 1.8357639312744141 0 1/00054.png

56 0.32911866903305054 0.72368013858795166 0.55566626787185669 -0.24331657588481903 -0.64768445491790771 0.30745351314544678 1.8537665605545044 0 1/00052.png

57 0.32212346792221069 0.76869881153106689 0.50426387786865234 -0.22595669329166412 -0.62909680604934692 0.28088551759719849 1.80859375 0 1/00060.png

58 0.33111059665679932 0.75520825386047363 0.51868909597396851 -0.22580505907535553 -0.6578221321105957 0.29591792821884155 1.8077800273895264 0 1/00058.png

59 0.33541208505630493 0.73941171169281006 0.53518038988113403 -0.23313279449939728 -0.65680122375488281 0.30823057889938354 1.8201526403427124 0 1/00056.png

60 0.30355378985404968 0.80281764268875122 0.46669891476631165 -0.21337990462779999 -0.61360305547714233 0.26599758863449097 1.7917406558990479 0 1/00064.png

61 0.32846850156784058 0.76282584667205811 0.50911402702331543 -0.22584939002990723 -0.64451050758361816 0.29834747314453125 1.8055745363235474 0 1/00059.png

62 0.31439867615699768 0.77950078248977661 0.49544227123260498 -0.21924634277820587 -0.63326823711395264 0.26093178987503052 1.8032093048095703 0 1/00061.png

63 0.3050326406955719 0.7957770824432373 0.47742664813995361 -0.21391047537326813 -0.62225544452667236 0.25749894976615906 1.7956662178039551 0 1/00063.png

64 0.2991371750831604 0.81109225749969482 0.45495679974555969 -0.21368317306041718 -0.59742289781570435 0.27904379367828369 1.7888774871826172 0 1/00065.png

65 0.33620792627334595 0.74497050046920776 0.5281836986541748 -0.23022864758968353 -0.6600070595741272 0.3054099977016449 1.8162155151367188 0 1/00057.png

66 0.29774472117424011 0.81654155254364014 0.44390404224395752 -0.21807602047920227 -0.56790775060653687 0.30240708589553833 1.7905244827270508 0 1/00066.png

67 0.30977246165275574 0.78889697790145874 0.48523524403572083 -0.21501021087169647 -0.63300299644470215 0.25544658303260803 1.7968891859054565 0 1/00062.png

68 0.30265471339225769 0.82893842458724976 0.41829654574394226 -0.21514898538589478 -0.49428573250770569 0.37491968274116516 1.7927694320678711 0 1/00072.png

69 0.29917168617248535 0.82843846082687378 0.41844674944877625 -0.22155877947807312 -0.48703861236572266 0.37241360545158386 1.7948057651519775 0 1/00071.png

70 0.29226797819137573 0.83078008890151978 0.41581782698631287 -0.22689083218574524 -0.49662482738494873 0.35784414410591125 1.7947965860366821 0 1/00069.png

71 0.29634439945220947 0.82955086231231689 0.41576218605041504 -0.22620159387588501 -0.48674148321151733 0.37046551704406738 1.7948344945907593 0 1/00070.png

72 0.2952226996421814 0.82236862182617188 0.43155586719512939 -0.2243054062128067 -0.53452026844024658 0.32340630888938904 1.7962745428085327 0 1/00067.png

73 0.28872546553611755 0.82925927639007568 0.42151153087615967 -0.22648309171199799 -0.50982856750488281 0.33331164717674255 1.7985758781433105 0 1/00068.png

74 0.30922073125839233 0.83095639944076538 0.413553386926651 -0.20704503357410431 -0.4936082661151886 0.40214553475379944 1.7942447662353516 0 1/00074.png

75 0.30510112643241882 0.83061724901199341 0.4156329333782196 -0.21032726764678955 -0.4968656599521637 0.38831275701522827 1.7919256687164307 0 1/00073.png

76 0.31046172976493835 0.83178269863128662 0.4128553569316864 -0.20322747528553009 -0.48027187585830688 0.41212767362594604 1.8042163848876953 0 1/00076.png

77 0.31391504406929016 0.83579462766647339 0.41355842351913452 -0.17853318154811859 -0.50782030820846558 0.38443103432655334 1.8150398731231689 0 1/00080.png

78 0.30968734622001648 0.83108985424041748 0.41380840539932251 -0.20529502630233765 -0.4851030707359314 0.40680176019668579 1.7993065118789673 0 1/00075.png

79 0.31293824315071106 0.83274614810943604 0.4129035472869873 -0.19522853195667267 -0.48304152488708496 0.4147416353225708 1.8104878664016724 0 1/00078.png

80 0.31119832396507263 0.83264553546905518 0.41255643963813782 -0.19913351535797119 -0.48090127110481262 0.41374886035919189 1.805928111076355 0 1/00077.png

81 0.3015177845954895 0.83952325582504272 0.42278051376342773 -0.15982593595981598 -0.5229942798614502 0.32149237394332886 1.821186900138855 0 1/00082.png

82 0.3053678572177887 0.8379548192024231 0.41984716057777405 -0.16825729608535767 -0.51553213596343994 0.34181156754493713 1.8206449747085571 0 1/00081.png

83 0.29966774582862854 0.84317958354949951 0.42060840129852295 -0.14945264160633087 -0.54015976190567017 0.32331305742263794 1.8160139322280884 0 1/00084.png

84 0.33925855159759521 0.86268740892410278 0.36197245121002197 -0.098234891891479492 -0.72908270359039307 0.47477817535400391 1.6753952503204346 0 1/00089.png

85 0.30653250217437744 0.8445701003074646 0.41444310545921326 -0.14483124017715454 -0.56213051080703735 0.353403240442276 1.8043327331542969 0 1/00085.png

86 0.31376498937606812 0.83415603637695312 0.41284218430519104 -0.18787397444248199 -0.49261558055877686 0.40694338083267212 1.8118957281112671 0 1/00079.png

87 0.33376356959342957 0.88570696115493774 0.31203687191009521 -0.082207620143890381 -0.68135714530944824 0.48451399803161621 1.5894709825515747 0 1/00094.png

88 0.34995341300964355 0.8699566125869751 0.3366449773311615 -0.085897698998451233 -0.72843289375305176 0.51212382316589355 1.6184593439102173 0 1/00091.png

89 0.30029758810997009 0.84097182750701904 0.42231062054634094 -0.15569648146629333 -0.52715802192687988 0.32059073448181152 1.8219128847122192 0 1/00083.png

90 0.35027161240577698 0.86361163854598999 0.35080596804618835 -0.091760545969009399 -0.74873507022857666 0.51133668422698975 1.6426682472229004 0 1/00090.png

91 0.34328660368919373 0.87839436531066895 0.32049229741096497 -0.0886697918176651 -0.68371474742889404 0.52005481719970703 1.5953779220581055 0 1/00093.png

92 0.31483995914459229 0.84620577096939087 0.40700992941856384 -0.13839998841285706 -0.58982789516448975 0.37166354060173035 1.7901420593261719 0 1/00086.png

93 0.32110992074012756 0.85384535789489746 0.39143267273902893 -0.12090089917182922 -0.64620041847229004 0.40135073661804199 1.7525949478149414 0 1/00087.png

94 0.32182615995407104 0.89959949254989624 0.28592541813850403 -0.073452621698379517 -0.64777666330337524 0.48034077882766724 1.554685115814209 0 1/00096.png

95 0.31284835934638977 0.90404099225997925 0.27796709537506104 -0.087005890905857086 -0.56882810592651367 0.49978345632553101 1.5551242828369141 0 1/00097.png

96 0.32810342311859131 0.85681444406509399 0.38072285056114197 -0.1151835024356842 -0.67044371366500854 0.43480557203292847 1.7293225526809692 0 1/00088.png

97 0.34308859705924988 0.87383079528808594 0.33313938975334167 -0.087909333407878876 -0.70350879430770874 0.50387316942214966 1.6182142496109009 0 1/00092.png

98 0.32326769828796387 0.89588665962219238 0.29558905959129333 -0.074243940412998199 -0.66731548309326172 0.48556995391845703 1.564081072807312 0 1/00095.png

99 0.30033221840858459 0.91202598810195923 0.26232618093490601 -0.095886625349521637 -0.5120159387588501 0.48983713984489441 1.5344334840774536 0 1/00099.png

100 0.31307104229927063 0.90501821041107178 0.27156940102577209 -0.09580540657043457 -0.53667616844177246 0.50196635723114014 1.547667384147644 0 1/00098.png

101 0.30902829766273499 0.91206085681915283 0.25273939967155457 -0.093644626438617706 -0.51221626996994019 0.51392471790313721 1.5106617212295532 0 1/00100.png

102 0.31087684631347656 0.91391068696975708 0.24507582187652588 -0.08978145569562912 -0.51228135824203491 0.509071946144104 1.4961775541305542 0 1/00101.png

103 0.30269226431846619 0.91803491115570068 0.24234333634376526 -0.082818806171417236 -0.51278913021087646 0.48640501499176025 1.4911652803421021 0 1/00102.png

104 0.3027242124080658 0.91977530717849731 0.23667076230049133 -0.079740062355995178 -0.50889581441879272 0.48772934079170227 1.4825118780136108 0 1/00103.png

105 0.29638710618019104 0.93237000703811646 0.19925276935100555 -0.056028973311185837 -0.50883984565734863 0.47741520404815674 1.4641884565353394 0 1/00106.png

106 0.29034715890884399 0.92959415912628174 0.21774539351463318 -0.064344383776187897 -0.50781881809234619 0.456787109375 1.4742469787597656 0 1/00105.png

107 0.29281923174858093 0.92685443162918091 0.22423034906387329 -0.070131763815879822 -0.50584548711776733 0.45631065964698792 1.4781181812286377 0 1/00104.png

108 0.31704810261726379 0.93751394748687744 0.14172179996967316 -0.021517440676689148 -0.53182804584503174 0.57122617959976196 1.4423208236694336 0 1/00110.png

109 0.30955624580383301 0.93591815233230591 0.16387329995632172 -0.037117887288331985 -0.51549315452575684 0.53388309478759766 1.4521305561065674 0 1/00109.png

110 0.29280960559844971 0.93542754650115967 0.19150860607624054 -0.050619151443243027 -0.50816458463668823 0.47221463918685913 1.465968132019043 0 1/00107.png

111 0.32159975171089172 0.93760180473327637 0.13108460605144501 -0.017125902697443962 -0.52688878774642944 0.58710432052612305 1.4410022497177124 0 1/00111.png

112 0.30416932702064514 0.93575161695480347 0.1730891615152359 -0.043474528938531876 -0.50761938095092773 0.52167987823486328 1.4570246934890747 0 1/00108.png

113 0.32102003693580627 0.93916386365890503 0.12118451297283173 -0.0152192497625947 -0.49939221143722534 0.60180824995040894 1.4623066186904907 0 1/00112.png

114 0.32526898384094238 0.93830162286758423 0.11654571443796158 -0.014392240904271603 -0.49009719491004944 0.62069803476333618 1.4681355953216553 0 1/00113.png

115 0.33883574604988098 0.93593132495880127 0.095633208751678467 -0.0087811993435025215 -0.44638514518737793 0.67071735858917236 1.4860759973526001 0 1/00117.png

116 0.33267927169799805 0.93834507465362549 0.093639351427555084 -0.008043329231441021 -0.43178215622901917 0.65620177984237671 1.5041666030883789 0 1/00118.png

117 0.33297348022460938 0.93743085861206055 0.10137459635734558 -0.0086735561490058899 -0.46230801939964294 0.65779834985733032 1.4839227199554443 0 1/00116.png

118 0.32951542735099792 0.93941289186477661 0.094275392591953278 -0.0059213354252278805 -0.42324236035346985 0.65879327058792114 1.5172616243362427 0 1/00119.png

119 0.32955440878868103 0.9375603199005127 0.11059170961380005 -0.011999974027276039 -0.48371401429176331 0.63761407136917114 1.4713770151138306 0 1/00114.png

120 0.35393670201301575 0.93142485618591309 0.084163717925548553 0.0096403211355209351 -0.4298626184463501 0.76024520397186279 1.5010732412338257 0 1/00123.png

121 0.33394387364387512 0.93671005964279175 0.10472407937049866 -0.0094211827963590622 -0.47540488839149475 0.65068298578262329 1.4737557172775269 0 1/00115.png

122 0.37368547916412354 0.92454779148101807 0.072732746601104736 0.016751768067479134 -0.4144681990146637 0.84581232070922852 1.4711049795150757 0 1/00125.png

123 0.38241249322891235 0.92147058248519897 0.066687144339084625 0.014333889819681644 -0.3758903443813324 0.89397704601287842 1.4641380310058594 0 1/00126.png

124 0.35107851028442383 0.93217140436172485 0.08829537034034729 0.0020926827564835548 -0.42024853825569153 0.74455094337463379 1.505146861076355 0 1/00122.png

125 0.33173134922981262 0.93862682580947876 0.094438172876834869 -0.0039440076798200607 -0.41643276810646057 0.67369180917739868 1.522490382194519 0 1/00120.png

126 0.35826262831687927 0.93003493547439575 0.08002057671546936 0.016724476590752602 -0.43279165029525757 0.79709720611572266 1.4934766292572021 0 1/00124.png

127 0.33764931559562683 0.93660330772399902 0.093623362481594086 -0.0013579711085185409 -0.41649726033210754 0.70806658267974854 1.5200387239456177 0 1/00121.png

128 0.39126476645469666 0.91796106100082397 0.063615508377552032 0.014578088186681271 -0.36522015929222107 0.93168187141418457 1.4451072216033936 0 1/00127.png

129 0.40263715386390686 0.91338765621185303 0.057631392031908035 0.016881192103028297 -0.35450226068496704 0.95736086368560791 1.4206995964050293 0 1/00128.png

130 0.40367183089256287 0.91309064626693726 0.053603213280439377 0.021006841212511063 -0.3477528989315033 0.95736026763916016 1.4135549068450928 0 1/00129.png

131 0.40168040990829468 0.91396439075469971 0.050952516496181488 0.026942441239953041 -0.3415774405002594 0.95933377742767334 1.4091453552246094 0 1/00130.png

132 0.40359297394752502 0.91331440210342407 0.046977363526821136 0.027615552768111229 -0.32258307933807373 0.97067123651504517 1.3987376689910889 0 1/00131.png

133 0.39627239108085632 0.91667687892913818 0.044620119035243988 0.026088235899806023 -0.17468553781509399 0.98368734121322632 1.3859666585922241 0 1/00136.png

134 0.39143872261047363 0.91849774122238159 0.045815039426088333 0.032224848866462708 -0.25214898586273193 0.95279932022094727 1.3999150991439819 0 1/00134.png

135 0.40475618839263916 0.91294163465499878 0.042617347091436386 0.029897367581725121 -0.29738456010818481 0.96781450510025024 1.3921338319778442 0 1/00132.png

136 0.40305063128471375 0.91380870342254639 0.045737296342849731 0.020292382687330246 -0.13862137496471405 1.0153648853302002 1.3508822917938232 0 1/00137.png

137 0.39790457487106323 0.91579341888427734 0.045508787035942078 0.030386481434106827 -0.21485601365566254 0.97867316007614136 1.3894811868667603 0 1/00135.png

138 0.41274285316467285 0.9098132848739624 0.042569492012262344 0.0084185441955924034 -0.097236394882202148 1.0466140508651733 1.3248351812362671 0 1/00138.png

139 0.39684534072875977 0.91639971733093262 0.043575286865234375 0.028749521821737289 -0.273762047290802 0.94578331708908081 1.4030275344848633 0 1/00133.png

140 0.42042899131774902 0.90666216611862183 0.034687843173742294 8.740643534110859e-05 -0.061501204967498779 1.0671594142913818 1.2899594306945801 0 1/00139.png

141 0.45442003011703491 0.89050877094268799 0.022024253383278847 0.0033843729179352522 -0.053918957710266113 1.1678835153579712 1.1689131259918213 0 1/00141.png

142 0.43238890171051025 0.90126633644104004 0.02750052697956562 -0.0015971186803653836 -0.048118859529495239 1.1040593385696411 1.2480690479278564 0 1/00140.png

143 0.47686570882797241 0.87876969575881958 0.014416472986340523 0.012455944903194904 -0.066455453634262085 1.2104995250701904 1.0706506967544556 0 1/00143.png

144 0.47022119164466858 0.88236695528030396 0.016751207411289215 0.006331457756459713 -0.055278390645980835 1.1980454921722412 1.108372688293457 0 1/00142.png

145 0.48121786117553711 0.87628018856048584 0.019085554406046867 0.014072274789214134 -0.06570357084274292 1.2152470350265503 1.022865891456604 0 1/00145.png

146 0.48427903652191162 0.87461799383163452 0.016879096627235413 0.015236465260386467 -0.072344958782196045 1.2286410331726074 1.0366647243499756 0 1/00144.png

147 0.46628862619400024 0.88286769390106201 0.052484910935163498 -0.019103256985545158 -0.0031395256519317627 1.1564264297485352 0.99400132894515991 0 1/00148.png

148 0.47495880722999573 0.87969070672988892 0.022751031443476677 0.0063938498497009277 -0.046615749597549438 1.1891264915466309 1.0155658721923828 0 1/00146.png

149 0.45935150980949402 0.8823891282081604 0.090256154537200928 -0.047322940081357956 0.049566924571990967 1.1445865631103516 0.95539397001266479 0 1/00153.png

150 0.45499873161315918 0.8845219612121582 0.090097032487392426 -0.049796730279922485 0.049195289611816406 1.1342589855194092 0.9906538724899292 0 1/00151.png

151 0.46827393770217896 0.88025885820388794 0.069652222096920013 -0.031816758215427399 0.015437662601470947 1.1628278493881226 0.98378962278366089 0 1/00149.png

152 0.46980574727058411 0.88199508190155029 0.035812068730592728 -0.0092051057144999504 -0.016171932220458984 1.1615355014801025 1.0022245645523071 0 1/00147.png

153 0.46251776814460754 0.87970167398452759 0.099832795560359955 -0.047283012419939041 0.036798596382141113 1.1522643566131592 0.94778192043304443 0 1/00152.png

154 0.46315163373947144 0.8812946081161499 0.082804061472415924 -0.044203422963619232 0.037425011396408081 1.1497306823730469 0.97907876968383789 0 1/00150.png

155 0.45404058694839478 0.88675373792648315 0.073866166174411774 -0.045374628156423569 0.076731741428375244 1.1459082365036011 0.93166720867156982 0 1/00155.png

156 0.4525129497051239 0.88709980249404907 0.077594056725502014 -0.047593217343091965 0.070087820291519165 1.1300580501556396 0.96500849723815918 0 1/00154.png

157 0.47828322649002075 0.85851550102233887 0.084094151854515076 -0.16469472646713257 0.38837969303131104 1.2110557556152344 0.73066717386245728 0 1/00159.png

158 0.4687228798866272 0.87713336944580078 0.071718506515026093 -0.076107718050479889 0.15605425834655762 1.1787815093994141 0.87721949815750122 0 1/00157.png

159 0.47679141163825989 0.86587339639663696 0.075021281838417053 -0.13154901564121246 0.32031941413879395 1.2070395946502686 0.77237880229949951 0 1/00158.png

160 0.46298211812973022 0.88128083944320679 0.07595650851726532 -0.056764405220746994 0.10202178359031677 1.1660475730895996 0.9033932089805603 0 1/00156.png

161 0.46688404679298401 0.86990207433700562 0.047911264002323151 -0.1516382098197937 0.59102827310562134 1.2046644687652588 0.78009945154190063 0 1/00161.png

162 0.47185871005058289 0.86390584707260132 0.065340146422386169 -0.16354461014270782 0.49544328451156616 1.212523341178894 0.73576819896697998 0 1/00160.png

163 0.48780912160873413 0.86635071039199829 -0.063886702060699463 -0.086007118225097656 0.6358034610748291 1.0567283630371094 0.80307406187057495 0 1/00165.png

164 0.47367358207702637 0.87052804231643677 -0.11455195397138596 -0.068499051034450531 0.64534163475036621 0.9952312707901001 0.86896008253097534 0 1/00166.png

165 0.48222285509109497 0.86874479055404663 -0.028377806767821312 -0.10926203429698944 0.63535749912261963 1.1119692325592041 0.77911680936813354 0 1/00164.png

166 0.46578767895698547 0.87480723857879639 -0.0032790738623589277 -0.13320432603359222 0.64493262767791748 1.1360162496566772 0.80226081609725952 0 1/00163.png

167 0.46249821782112122 0.87107390165328979 0.038569170981645584 -0.16074238717556 0.62865221500396729 1.1840381622314453 0.78165137767791748 0 1/00162.png

168 0.46849554777145386 0.85102379322052002 -0.23615181446075439 -0.022420536726713181 0.65790247917175293 0.81697040796279907 0.94185984134674072 0 1/00168.png

169 0.46147888898849487 0.84736448526382446 -0.26183867454528809 -0.021241979673504829 0.66676533222198486 0.77448409795761108 0.97410953044891357 0 1/00169.png

170 0.48519232869148254 0.85882878303527832 -0.15738335251808167 -0.047244559973478317 0.63936746120452881 0.94963693618774414 0.85971993207931519 0 1/00167.png

171 0.45720767974853516 0.84327906370162964 -0.28187760710716248 -0.019661352038383484 0.68841814994812012 0.73276066780090332 0.99660933017730713 0 1/00170.png

172 0.45225048065185547 0.8428528904914856 -0.2909030020236969 -0.02106892317533493 0.70387899875640869 0.70490813255310059 1.0091100931167603 0 1/00171.png

173 0.44401460886001587 0.84022116661071777 -0.3107336163520813 0.01800164207816124 0.71033644676208496 0.68503445386886597 1.0801550149917603 0 1/00175.png

174 0.44816780090332031 0.84039342403411865 -0.30471712350845337 -0.0056603318080306053 0.69298875331878662 0.67877352237701416 1.0356383323669434 0 1/00173.png

175 0.45433726906776428 0.84087502956390381 -0.29368644952774048 -0.015970416367053986 0.69917893409729004 0.69878256320953369 1.0069730281829834 0 1/00172.png

176 0.44298124313354492 0.8412010669708252 -0.30940672755241394 0.020393369719386101 0.72822391986846924 0.68336266279220581 1.0887084007263184 0 1/00176.png

177 0.44193744659423828 0.84122145175933838 -0.31147977709770203 0.0042521962895989418 0.69215452671051025 0.6699758768081665 1.0622611045837402 0 1/00174.png

178 0.42444252967834473 0.84651237726211548 -0.32128581404685974 0.0063870917074382305 0.89607560634613037 0.61642295122146606 1.1220773458480835 0 1/00182.png

179 0.44019627571105957 0.84351694583892822 -0.30708464980125427 0.02013452909886837 0.74678850173950195 0.67384612560272217 1.0935641527175903 0 1/00177.png

180 0.42620682716369629 0.84745627641677856 -0.31637722253799438 0.0084324004128575325 0.85277163982391357 0.62135648727416992 1.1187740564346313 0 1/00180.png

181 0.42662370204925537 0.83732622861862183 -0.3402937650680542 -0.032820139080286026 1.0743680000305176 0.54466336965560913 1.0765600204467773 0 1/00186.png

182 0.42247992753982544 0.84489428997039795 -0.32811459898948669 0.0022815472912043333 0.93886399269104004 0.60141170024871826 1.1287763118743896 0 1/00183.png

183 0.42348051071166992 0.84756886959075928 -0.31976932287216187 0.0062216916121542454 0.87475216388702393 0.61626535654067993 1.1222912073135376 0 1/00181.png

184 0.42547515034675598 0.84197312593460083 -0.33144289255142212 -0.014063065871596336 0.99187374114990234 0.58528983592987061 1.1013562679290771 0 1/00184.png

185 0.43219435214996338 0.84674561023712158 -0.30997169017791748 0.012139642611145973 0.80455100536346436 0.6482970118522644 1.1073532104492188 0 1/00179.png

186 0.42875668406486511 0.83804726600646973 -0.33660039305686951 -0.023338219150900841 1.0394566059112549 0.56861376762390137 1.0882953405380249 0 1/00185.png

187 0.43471935391426086 0.84612184762954712 -0.3079465925693512 0.016304200515151024 0.77505433559417725 0.65697544813156128 1.1028934717178345 0 1/00178.png

188 0.42583706974983215 0.83641719818115234 -0.34317830204963684 -0.036025241017341614 1.0872232913970947 0.54337394237518311 1.0642374753952026 0 1/00187.png

189 0.41877049207687378 0.81750231981277466 -0.39433425664901733 0.028665097430348396 1.0342170000076294 0.58281934261322021 1.158165454864502 0 1/00192.png

190 0.42075875401496887 0.82155728340148926 -0.38435655832290649 0.016602661460638046 1.0533803701400757 0.58134955167770386 1.1405344009399414 0 1/00191.png

191 0.42821148037910461 0.82947289943695068 -0.35843735933303833 -0.011505762115120888 1.0792510509490967 0.57941561937332153 1.0900667905807495 0 1/00189.png

192 0.40465757250785828 0.81025528907775879 -0.42085987329483032 0.051141947507858276 0.9948430061340332 0.55064427852630615 1.2189654111862183 0 1/00194.png

193 0.41226288676261902 0.81392854452133179 -0.40728625655174255 0.040957778692245483 1.0117084980010986 0.56947231292724609 1.1907593011856079 0 1/00193.png

194 0.4287240207195282 0.83210170269012451 -0.35133096575737 -0.019211813807487488 1.0794339179992676 0.57103508710861206 1.0756505727767944 0 1/00188.png

195 0.42134582996368408 0.82551306486129761 -0.37542295455932617 0.0073155509307980537 1.0627789497375488 0.57951188087463379 1.1305390596389771 0 1/00190.png

196 0.38505458831787109 0.80248373746871948 -0.44659677147865295 0.091127023100852966 0.94402837753295898 0.56104791164398193 1.3021503686904907 0 1/00198.png

197 0.39293625950813293 0.80838662385940552 -0.43329304456710815 0.066100634634494781 0.97932207584381104 0.54410600662231445 1.2628470659255981 0 1/00195.png

198 0.38790807127952576 0.80462312698364258 -0.442360520362854 0.080163635313510895 0.95335793495178223 0.55185973644256592 1.2842605113983154 0 1/00197.png

199 0.39170613884925842 0.80708467960357666 -0.43589404225349426 0.071951434016227722 0.96424376964569092 0.54940199851989746 1.2691575288772583 0 1/00196.png

200 0.370881587266922 0.80417811870574951 -0.45187374949455261 0.1074918806552887 0.93759381771087646 0.56639057397842407 1.3350851535797119 0 1/00202.png

201 0.3827202320098877 0.80262953042984009 -0.44797354936599731 0.092902280390262604 0.94378256797790527 0.55793005228042603 1.307530403137207 0 1/00199.png

202 0.3776128888130188 0.80313515663146973 -0.4503854513168335 0.097649469971656799 0.9429478645324707 0.55389803647994995 1.3185044527053833 0 1/00200.png

203 0.36632177233695984 0.80615323781967163 -0.45105504989624023 0.11168989539146423 0.93654310703277588 0.56783896684646606 1.3416891098022461 0 1/00203.png

204 0.34117710590362549 0.80902767181396484 -0.45912650227546692 0.1351860910654068 0.93482375144958496 0.59298694133758545 1.3810408115386963 0 1/00208.png

205 0.34139057993888855 0.81007051467895508 -0.45725581049919128 0.13474193215370178 0.92323899269104004 0.58445060253143311 1.3834525346755981 0 1/00207.png

206 0.37528559565544128 0.80348390340805054 -0.45059406757354736 0.10266164690256119 0.93764722347259521 0.56322264671325684 1.3234968185424805 0 1/00201.png

207 0.36084148287773132 0.80726325511932373 -0.45130309462547302 0.12018688023090363 0.92565953731536865 0.57139241695404053 1.3526217937469482 0 1/00204.png

208 0.3454948365688324 0.81283873319625854 -0.45188146829605103 0.12541747093200684 0.91607952117919922 0.5696796178817749 1.3800935745239258 0 1/00206.png

209 0.34770476818084717 0.80948519706726074 -0.45012170076370239 0.14568993449211121 0.98335492610931396 0.67526876926422119 1.3340274095535278 0 1/00213.png

210 0.35107135772705078 0.81071591377258301 -0.45162093639373779 0.12460819631814957 0.91450941562652588 0.57359236478805542 1.3721922636032104 0 1/00205.png

211 0.3466159999370575 0.80964601039886475 -0.45155888795852661 0.14291717112064362 0.98070752620697021 0.66158437728881836 1.340764045715332 0 1/00212.png

212 0.34310424327850342 0.80929505825042725 -0.45538827776908875 0.14121757447719574 0.97384655475616455 0.64062619209289551 1.3541382551193237 0 1/00211.png

213 0.34145140647888184 0.80946022272109985 -0.45741584897041321 0.13768009841442108 0.96720671653747559 0.61777305603027344 1.3633439540863037 0 1/00210.png

214 0.34310361742973328 0.80840176343917847 -0.45841431617736816 0.13646538555622101 0.96249353885650635 0.6061173677444458 1.3672358989715576 0 1/00209.png

215 0.35478305816650391 0.81197464466094971 -0.43726891279220581 0.1536945104598999 0.98310279846191406 0.74278742074966431 1.2953819036483765 0 1/00216.png

216 0.35206922888755798 0.81176728010177612 -0.44111621379852295 0.14999194443225861 0.9895777702331543 0.72136420011520386 1.3085384368896484 0 1/00215.png

217 0.35111242532730103 0.81031250953674316 -0.44562754034996033 0.14673036336898804 0.98884367942810059 0.69760656356811523 1.3163652420043945 0 1/00214.png

218 0.34461143612861633 0.81616634130477905 -0.4346802830696106 0.16176678240299225 0.96014726161956787 0.75364923477172852 1.2960659265518188 0 1/00219.png

219 0.343190997838974 0.81599152088165283 -0.43687888979911804 0.15973266959190369 0.96298539638519287 0.74095207452774048 1.3065370321273804 0 1/00218.png

220 0.3510148823261261 0.8133118748664856 -0.43583440780639648 0.15925036370754242 0.96811020374298096 0.74652057886123657 1.3013372421264648 0 1/00217.png

221 0.34105101227760315 0.81672990322113037 -0.43662890791893005 0.16121916472911835 0.95710992813110352 0.74192905426025391 1.3004641532897949 0 1/00220.png

222 0.34030738472938538 0.81779748201370239 -0.43543559312820435 0.16060535609722137 0.95492660999298096 0.76461988687515259 1.2921522855758667 0 1/00222.png

223 0.33603912591934204 0.8187907338142395 -0.43717589974403381 0.15980184078216553 0.95338070392608643 0.74710673093795776 1.3009356260299683 0 1/00221.png

224 0.33783948421478271 0.81546992063522339 -0.43469607830047607 0.17864130437374115 0.8850022554397583 0.79656243324279785 1.3034999370574951 0 1/00225.png

225 0.34079357981681824 0.81830084323883057 -0.43276107311248779 0.16419894993305206 0.93727242946624756 0.77785640954971313 1.2888514995574951 0 1/00223.png

226 0.34129029512405396 0.81676483154296875 -0.43227463960647583 0.17191484570503235 0.90945756435394287 0.79578900337219238 1.2923687696456909 0 1/00224.png

227 0.33781746029853821 0.81454777717590332 -0.43561294674873352 0.18064485490322113 0.86726200580596924 0.79726135730743408 1.3030732870101929 0 1/00226.png

228 0.33365419507026672 0.80983704328536987 -0.44691520929336548 0.18194982409477234 0.85025548934936523 0.76401048898696899 1.3128682374954224 0 1/00228.png

229 0.32227295637130737 0.79298573732376099 -0.48592665791511536 0.17660436034202576 0.77040243148803711 0.61252963542938232 1.3425908088684082 0 1/00234.png

230 0.33026763796806335 0.79886114597320557 -0.46781823039054871 0.18409340083599091 0.78716325759887695 0.69658833742141724 1.3290438652038574 0 1/00232.png

231 0.33388468623161316 0.80852043628692627 -0.44943991303443909 0.18116134405136108 0.83894145488739014 0.7542538046836853 1.3143973350524902 0 1/00229.png

232 0.33133962750434875 0.80596071481704712 -0.45488390326499939 0.18363566696643829 0.82012999057769775 0.73451238870620728 1.3201812505722046 0 1/00230.png

233 0.32861027121543884 0.79416251182556152 -0.47740688920021057 0.18276746571063995 0.77748632431030273 0.65597635507583618 1.3347954750061035 0 1/00233.png

234 0.33152616024017334 0.80262285470962524 -0.46032041311264038 0.18436968326568604 0.8025360107421875 0.72147148847579956 1.3214199542999268 0 1/00231.png

235 0.28895080089569092 0.78402549028396606 -0.52717649936676025 0.15458476543426514 0.71381282806396484 0.40749871730804443 1.401881217956543 0 1/00239.png

236 0.33516234159469604 0.81191712617874146 -0.44217434525489807 0.18149013817310333 0.85930383205413818 0.77873098850250244 1.3127878904342651 0 1/00227.png

237 0.30201977491378784 0.78761959075927734 -0.50832754373550415 0.17332777380943298 0.69957125186920166 0.50462651252746582 1.3860917091369629 0 1/00237.png

238 0.28794309496879578 0.78361153602600098 -0.5323336124420166 0.14022338390350342 0.72010266780853271 0.36592948436737061 1.3985205888748169 0 1/00240.png

239 0.31983274221420288 0.79282993078231812 -0.48866358399391174 0.17417116463184357 0.74225103855133057 0.59548652172088623 1.3429096937179565 0 1/00235.png

240 0.30192992091178894 0.78133487701416016 -0.5305292010307312 0.12997287511825562 0.72849941253662109 0.34773394465446472 1.3679665327072144 0 1/00241.png

241 0.27054044604301453 0.79177910089492798 -0.53217190504074097 0.12917721271514893 0.67901968955993652 0.27802765369415283 1.4140633344650269 0 1/00244.png

242 0.29303529858589172 0.78403860330581665 -0.53141593933105469 0.13042581081390381 0.71314215660095215 0.329032301902771 1.3808796405792236 0 1/00242.png

243 0.31647351384162903 0.7884070873260498 -0.49617865681648254 0.17906858026981354 0.70932602882385254 0.56113916635513306 1.3596879243850708 0 1/00236.png

244 0.29274630546569824 0.78613436222076416 -0.51901119947433472 0.16407263278961182 0.70607030391693115 0.45200559496879578 1.401069164276123 0 1/00238.png

245 0.23562526702880859 0.81258440017700195 -0.51813358068466187 0.12539918720722198 0.63726377487182617 0.21421810984611511 1.4496849775314331 0 1/00247.png

246 0.26014527678489685 0.79824364185333252 -0.52826857566833496 0.12674358487129211 0.66901278495788574 0.25583606958389282 1.4252475500106812 0 1/00245.png

247 0.24840153753757477 0.80461776256561279 -0.52453738451004028 0.12548892199993134 0.65487515926361084 0.23338288068771362 1.436939001083374 0 1/00246.png

248 0.28111433982849121 0.78691041469573975 -0.53357219696044922 0.13056564331054688 0.6930396556854248 0.30177992582321167 1.3998280763626099 0 1/00243.png

249 0.2217196524143219 0.81986844539642334 -0.51426756381988525 0.11910078674554825 0.63287627696990967 0.17710593342781067 1.4583404064178467 0 1/00248.png

250 0.17911580204963684 0.84417611360549927 -0.49667906761169434 0.092705219984054565 0.64330792427062988 0.056171536445617676 1.471113920211792 0 1/00251.png

251 0.20639610290527344 0.82879078388214111 -0.50803786516189575 0.11137291043996811 0.63199794292449951 0.13775938749313354 1.4649990797042847 0 1/00249.png

252 0.19517090916633606 0.83583581447601318 -0.50310003757476807 0.10088180005550385 0.64224374294281006 0.099075675010681152 1.4685912132263184 0 1/00250.png

253 0.1859586238861084 0.85903394222259521 -0.47087204456329346 0.075892068445682526 0.67720043659210205 0.04099583625793457 1.4417734146118164 0 1/00253.png

254 0.18579724431037903 0.85087740421295166 -0.48389041423797607 0.085656739771366119 0.66023600101470947 0.049291551113128662 1.4535564184188843 0 1/00252.png

255 0.20175459980964661 0.86923271417617798 -0.44380122423171997 0.082279697060585022 0.67612779140472412 0.077021121978759766 1.4316445589065552 0 1/00255.png

256 0.21008919179439545 0.89430451393127441 -0.38696765899658203 0.079612091183662415 0.68883168697357178 0.12061762809753418 1.4384819269180298 0 1/00260.png

257 0.19338610768318176 0.86327695846557617 -0.45908915996551514 0.0811900794506073 0.67568731307983398 0.057314693927764893 1.4393575191497803 0 1/00254.png

258 0.2162918895483017 0.90455979108810425 -0.36074391007423401 0.06966448575258255 0.65834367275238037 0.10780066251754761 1.4379787445068359 0 1/00264.png

259 0.20091730356216431 0.87417203187942505 -0.43417108058929443 0.083372488617897034 0.67198383808135986 0.0861014723777771 1.4370177984237671 0 1/00256.png

260 0.20334279537200928 0.87785130739212036 -0.42450672388076782 0.088446527719497681 0.67007803916931152 0.10122692584991455 1.4446227550506592 0 1/00257.png

261 0.21672046184539795 0.90373510122299194 -0.36242794990539551 0.070293344557285309 0.67124617099761963 0.11384838819503784 1.4306709766387939 0 1/00263.png

262 0.21080337464809418 0.89804136753082275 -0.37853139638900757 0.07614193856716156 0.68983268737792969 0.11484360694885254 1.4384461641311646 0 1/00261.png

263 0.20524987578392029 0.88403624296188354 -0.41134050488471985 0.084566406905651093 0.68075227737426758 0.10846734046936035 1.4427597522735596 0 1/00258.png

264 0.20803025364875793 0.88995343446731567 -0.39742758870124817 0.082204572856426239 0.68713009357452393 0.11724507808685303 1.4395443201065063 0 1/00259.png

265 0.21403920650482178 0.90179151296615601 -0.36839413642883301 0.072422422468662262 0.68435609340667725 0.11340808868408203 1.4307457208633423 0 1/00262.png

266 0.24876907467842102 0.91676950454711914 -0.30821555852890015 0.051485355943441391 0.64594995975494385 0.20061993598937988 1.4285740852355957 0 1/00270.png

267 0.23146578669548035 0.9094577431678772 -0.34083500504493713 0.056050714105367661 0.65904831886291504 0.14193803071975708 1.4331384897232056 0 1/00267.png

268 0.2245505154132843 0.90814703702926636 -0.34853947162628174 0.058019191026687622 0.65903103351593018 0.12047767639160156 1.4315128326416016 0 1/00266.png

269 0.21835735440254211 0.90610313415527344 -0.35655596852302551 0.064536809921264648 0.65672624111175537 0.10691565275192261 1.4382596015930176 0 1/00265.png

270 0.24378116428852081 0.91458642482757568 -0.31826746463775635 0.052992362529039383 0.65353536605834961 0.17801782488822937 1.4274210929870605 0 1/00269.png

271 0.25846013426780701 0.91789472103118896 -0.29633519053459167 0.053414486348628998 0.6347278356552124 0.23089134693145752 1.4247140884399414 0 1/00271.png

272 0.2391403466463089 0.91129451990127563 -0.33058476448059082 0.055390022695064545 0.65976035594940186 0.16279378533363342 1.4321444034576416 0 1/00268.png

273 0.27303192019462585 0.92061293125152588 -0.2740580141544342 0.053081899881362915 0.59336572885513306 0.27414953708648682 1.4155433177947998 0 1/00274.png

274 0.26305493712425232 0.91957652568817139 -0.28665792942047119 0.054848302155733109 0.61842441558837891 0.24285846948623657 1.4236927032470703 0 1/00272.png

275 0.2747744619846344 0.92146450281143188 -0.26909929513931274 0.054659508168697357 0.57846426963806152 0.28298190236091614 1.4221101999282837 0 1/00275.png

276 0.27614161372184753 0.92296051979064941 -0.26322305202484131 0.051023747771978378 0.57150310277938843 0.2869543731212616 1.4161674976348877 0 1/00276.png

277 0.26348632574081421 0.92156916856765747 -0.28044226765632629 0.051355350762605667 0.60763674974441528 0.2470853328704834 1.4215778112411499 0 1/00273.png

278 0.29106217622756958 0.9234776496887207 -0.24627798795700073 0.04264967143535614 0.55345475673675537 0.32397454977035522 1.3947591781616211 0 1/00279.png

279 0.28973662853240967 0.92229348421096802 -0.25179746747016907 0.045005872845649719 0.56613689661026001 0.31931978464126587 1.4001823663711548 0 1/00278.png

280 0.2808975875377655 0.92267709970474243 -0.2597135603427887 0.04808792844414711 0.5707818865776062 0.30236083269119263 1.4135308265686035 0 1/00277.png

281 0.29415327310562134 0.9235692024230957 -0.24162775278091431 0.045932363718748093 0.50628989934921265 0.33348974585533142 1.3900852203369141 0 1/00281.png

282 0.29397618770599365 0.92349773645401001 -0.24268759787082672 0.042809464037418365 0.53394842147827148 0.3312513530254364 1.3900138139724731 0 1/00280.png

283 0.3024764358997345 0.92146587371826172 -0.23844559490680695 0.050522234290838242 0.42481493949890137 0.37004810571670532 1.3936026096343994 0 1/00285.png

284 0.29623281955718994 0.92284756898880005 -0.2412559986114502 0.048929460346698761 0.47621220350265503 0.34538140892982483 1.39150071144104 0 1/00282.png

285 0.31939321756362915 0.9182625412940979 -0.22637854516506195 0.059451662003993988 0.33524131774902344 0.46352297067642212 1.4041379690170288 0 1/00289.png

286 0.31053623557090759 0.91899430751800537 -0.23709298670291901 0.052949082106351852 0.40621912479400635 0.40088847279548645 1.3967504501342773 0 1/00286.png

287 0.29831236600875854 0.92160242795944214 -0.24289259314537048 0.05159330740571022 0.4549829363822937 0.35317686200141907 1.3994370698928833 0 1/00283.png

288 0.29935497045516968 0.92201405763626099 -0.24019204080104828 0.050836645066738129 0.44063049554824829 0.35503429174423218 1.3996438980102539 0 1/00284.png

289 0.32578343152999878 0.91786211729049683 -0.21733826398849487 0.064485065639019012 0.30572277307510376 0.49622535705566406 1.4093420505523682 0 1/00290.png

290 0.32490092515945435 0.92073708772659302 -0.20749028027057648 0.060251783579587936 0.28324294090270996 0.51321762800216675 1.4213892221450806 0 1/00291.png

291 0.32666754722595215 0.92154800891876221 -0.19997406005859375 0.063623532652854919 0.25261563062667847 0.54236733913421631 1.4289852380752563 0 1/00292.png

292 0.33078441023826599 0.92196285724639893 -0.19084091484546661 0.064388282597064972 0.22638112306594849 0.57066589593887329 1.4381182193756104 0 1/00293.png

293 0.31455695629119873 0.91914075613021851 -0.23043009638786316 0.056002151221036911 0.36388963460922241 0.42831599712371826 1.4015762805938721 0 1/00288.png

294 0.34252315759658813 0.92348003387451172 -0.16131569445133209 0.061965141445398331 0.17117410898208618 0.65466594696044922 1.4630635976791382 0 1/00297.png

295 0.31482163071632385 0.91859567165374756 -0.23309674859046936 0.052299030125141144 0.39052844047546387 0.41522929072380066 1.3990367650985718 0 1/00287.png

296 0.33508378267288208 0.92292952537536621 -0.17799288034439087 0.065104179084300995 0.19688618183135986 0.60958355665206909 1.4496043920516968 0 1/00295.png

297 0.33999660611152649 0.92265838384628296 -0.17059466242790222 0.06325463205575943 0.18628191947937012 0.63653355836868286 1.4547101259231567 0 1/00296.png

298 0.3442288339138031 0.92419731616973877 -0.15254335105419159 0.064002223312854767 0.14608031511306763 0.67736172676086426 1.4682784080505371 0 1/00298.png

299 0.33288267254829407 0.92201775312423706 -0.18602998554706573 0.066822439432144165 0.20797556638717651 0.58781713247299194 1.4437241554260254 0 1/00294.png

300 0.36510607600212097 0.91940850019454956 -0.13144530355930328 0.06409088522195816 0.1269989013671875 0.79421579837799072 1.4857596158981323 0 1/00302.png

301 0.35206443071365356 0.92195087671279907 -0.14473430812358856 0.071478337049484253 0.1166645884513855 0.71015435457229614 1.4657961130142212 0 1/00299.png

302 0.35522240400314331 0.92129290103912354 -0.14046069979667664 0.07285037636756897 0.10572355985641479 0.72996902465820312 1.4730808734893799 0 1/00300.png

303 0.38485726714134216 0.91465586423873901 -0.11462906748056412 0.046365115791559219 0.18685805797576904 0.84593498706817627 1.4767756462097168 0 1/00304.png

304 0.35545822978019714 0.92184251546859741 -0.13781332969665527 0.069738395512104034 0.11099535226821899 0.75369203090667725 1.4879522323608398 0 1/00301.png

305 0.38712790608406067 0.91754406690597534 -0.089727543294429779 0.013926126062870026 0.24438422918319702 0.86527168750762939 1.4857678413391113 0 1/00306.png

306 0.37812972068786621 0.91564196348190308 -0.12315094470977783 0.0587504543364048 0.14899533987045288 0.82948803901672363 1.4747971296310425 0 1/00303.png

307 0.39522424340248108 0.91596299409866333 -0.069228433072566986 -0.0041132518090307713 0.24518483877182007 0.91132837533950806 1.4811878204345703 0 1/00308.png

308 0.38819229602813721 0.91554349660873413 -0.10122649371623993 0.028983546420931816 0.22228294610977173 0.85547417402267456 1.4752068519592285 0 1/00305.png

309 0.39202389121055603 0.91643214225769043 -0.080294102430343628 0.0047176145017147064 0.25324678421020508 0.88816231489181519 1.4787900447845459 0 1/00307.png

310 0.39848044514656067 0.91524791717529297 -0.059451013803482056 0.00044419078039936721 0.2137266993522644 0.92865324020385742 1.4856641292572021 0 1/00309.png

311 0.39821618795394897 0.91716784238815308 -0.014762997627258301 0.0030301243532449007 0.061817705631256104 1.0159618854522705 1.5555859804153442 0 1/00314.png

312 0.40393167734146118 0.9137568473815918 -0.043420691043138504 0.0015380136901512742 0.17211085557937622 0.96542084217071533 1.4972507953643799 0 1/00311.png

313 0.40345007181167603 0.91465198993682861 -0.02340070903301239 0.0096050919964909554 0.10686632990837097 0.98500275611877441 1.5304653644561768 0 1/00313.png

314 0.48601436614990234 0.86384725570678711 0.11875105649232864 0.058787919580936432 -0.30530917644500732 1.3197064399719238 1.3583950996398926 0 1/00323.png

315 0.40518537163734436 0.91352874040603638 -0.035636011511087418 0.0044862176291644573 0.14314907789230347 0.97923934459686279 1.5115169286727905 0 1/00312.png

316 0.40096345543861389 0.91469579935073853 -0.050514779984951019 0.0028573009185492992 0.19256794452667236 0.94968283176422119 1.4931889772415161 0 1/00310.png

317 0.47427716851234436 0.87545931339263916 0.052307639271020889 0.076786339282989502 -0.29765820503234863 1.2936562299728394 1.377582311630249 0 1/00320.png

318 0.41832715272903442 0.90759032964706421 -0.0040223724208772182 0.03558117151260376 -0.089161038398742676 1.1123619079589844 1.5348818302154541 0 1/00316.png

319 0.45321714878082275 0.88875508308410645 0.01714787445962429 0.066442050039768219 -0.22325052320957184 1.2372548580169678 1.4371188879013062 0 1/00318.png

320 0.41178104281425476 0.91094106435775757 -0.011510759592056274 0.022142445668578148 -0.011208325624465942 1.0659759044647217 1.5387095212936401 0 1/00315.png

321 0.4847085177898407 0.86887103319168091 0.071733817458152771 0.070533454418182373 -0.2953605055809021 1.3243786096572876 1.3488662242889404 0 1/00321.png

322 0.43249961733818054 0.90003025531768799 0.0056663579307496548 0.053455505520105362 -0.16679324209690094 1.1720194816589355 1.4976264238357544 0 1/00317.png

323 0.46566018462181091 0.88123595714569092 0.034042168408632278 0.073653869330883026 -0.26839360594749451 1.2702264785766602 1.4074628353118896 0 1/00319.png

324 0.4826112687587738 0.86214339733123779 0.14481611549854279 0.053136225789785385 -0.34011656045913696 1.3114216327667236 1.3506417274475098 0 1/00324.png

325 0.48938390612602234 0.86484724283218384 0.093474574387073517 0.061686277389526367 -0.29109025001525879 1.3342430591583252 1.3495185375213623 0 1/00322.png

326 0.49091476202011108 0.84529018402099609 0.1991150975227356 0.069572120904922485 -0.50475585460662842 1.3160884380340576 1.2850141525268555 0 1/00327.png

327 0.48307520151138306 0.85840284824371338 0.16378355026245117 0.054386038333177567 -0.38566434383392334 1.3217318058013916 1.3401217460632324 0 1/00325.png

328 0.4968704879283905 0.83730006217956543 0.21712230145931244 0.070044532418251038 -0.53402405977249146 1.3035995960235596 1.2491399049758911 0 1/00328.png

329 0.46088165044784546 0.84334522485733032 0.26846456527709961 0.065449029207229614 -0.54024314880371094 1.1061437129974365 1.3250160217285156 0 1/00331.png

330 0.42480230331420898 0.85387212038040161 0.29440200328826904 0.061424177139997482 -0.51677179336547852 0.96035683155059814 1.3803205490112305 0 1/00334.png

331 0.48864355683326721 0.85144209861755371 0.1809508204460144 0.059418961405754089 -0.443094402551651 1.324898362159729 1.3128483295440674 0 1/00326.png

332 0.44540464878082275 0.84755873680114746 0.28097382187843323 0.06567016988992691 -0.53720927238464355 1.0569175481796265 1.364966869354248 0 1/00332.png

333 0.4888538122177124 0.8368421196937561 0.23575577139854431 0.071668460965156555 -0.54633206129074097 1.2627148628234863 1.2954926490783691 0 1/00329.png

334 0.42987629771232605 0.85231941938400269 0.29036179184913635 0.066692747175693512 -0.53297215700149536 1.0062100887298584 1.4019114971160889 0 1/00333.png

335 0.4791896641254425 0.83716404438018799 0.25452074408531189 0.068941205739974976 -0.54725825786590576 1.1707315444946289 1.2970311641693115 0 1/00330.png

336 0.40686669945716858 0.86742562055587769 0.28631103038787842 0.0076303016394376755 -0.41300415992736816 0.93375438451766968 1.405529260635376 0 1/00336.png

337 0.41886183619499207 0.86000794172286987 0.29037868976593018 0.024927278980612755 -0.46599534153938293 0.95382797718048096 1.3812527656555176 0 1/00335.png

338 0.39203137159347534 0.87439090013504028 0.28010010719299316 -0.057410094887018204 -0.26274269819259644 0.93986314535140991 1.4282153844833374 0 1/00339.png

339 0.39207720756530762 0.87446987628936768 0.28350341320037842 -0.034696165472269058 -0.30345413088798523 0.93331491947174072 1.432276725769043 0 1/00338.png

340 0.39772114157676697 0.87233936786651611 0.28419610857963562 -0.0086301593109965324 -0.35878580808639526 0.92644661664962769 1.4207257032394409 0 1/00337.png

341 0.38834437727928162 0.87628501653671265 0.27046525478363037 -0.090342290699481964 -0.19464309513568878 0.92622792720794678 1.43901526927948 0 1/00341.png

342 0.39705461263656616 0.86746960878372192 0.25105354189872742 -0.16375637054443359 -0.1073119044303894 0.94593966007232666 1.4379076957702637 0 1/00347.png

343 0.39459672570228577 0.87027859687805176 0.25423860549926758 -0.14923590421676636 -0.11901277303695679 0.9399101734161377 1.4389947652816772 0 1/00346.png

344 0.39352318644523621 0.87225687503814697 0.25748789310455322 -0.1341918557882309 -0.14510539174079895 0.93679630756378174 1.4382843971252441 0 1/00345.png

345 0.3827151358127594 0.87708038091659546 0.27230903506278992 -0.10053297132253647 -0.18007081747055054 0.91728335618972778 1.4482690095901489 0 1/00342.png

346 0.39375180006027222 0.87456947565078735 0.2729513943195343 -0.074733912944793701 -0.22429013252258301 0.94305777549743652 1.4254605770111084 0 1/00340.png

347 0.39010077714920044 0.87291806936264038 0.26435351371765137 -0.1263040155172348 -0.15644040703773499 0.93409228324890137 1.4420431852340698 0 1/00344.png

348 0.41060882806777954 0.86028867959976196 0.23316015303134918 -0.19219814240932465 -0.096670687198638916 0.96363019943237305 1.4221020936965942 0 1/00350.png

349 0.40771621465682983 0.86233323812484741 0.23739832639694214 -0.1838231235742569 -0.094308763742446899 0.9620361328125 1.4244399070739746 0 1/00349.png

350 0.38577771186828613 0.87452238798141479 0.27050608396530151 -0.1149463951587677 -0.16444899141788483 0.92859673500061035 1.4464331865310669 0 1/00343.png

351 0.40232595801353455 0.86543238162994385 0.24351681768894196 -0.17280115187168121 -0.10227593779563904 0.95559072494506836 1.4307906627655029 0 1/00348.png

352 0.43121489882469177 0.84995913505554199 0.2197982519865036 -0.20811514556407928 -0.14430466294288635 0.97757953405380249 1.3929207324981689 0 1/00353.png

353 0.41640543937683105 0.85691815614700317 0.22864113748073578 -0.20005232095718384 -0.099232971668243408 0.97803378105163574 1.4131087064743042 0 1/00351.png

354 0.42736333608627319 0.85090643167495728 0.22373293340206146 -0.20799602568149567 -0.10966363549232483 0.98949587345123291 1.3973737955093384 0 1/00352.png

355 0.45868700742721558 0.84081131219863892 0.21185310184955597 -0.19432154297828674 -0.27828192710876465 0.98897385597229004 1.3569799661636353 0 1/00356.png

356 0.46532973647117615 0.83767426013946533 0.21112146973609924 -0.19286736845970154 -0.30420994758605957 0.98247718811035156 1.3524894714355469 0 1/00357.png

357 0.4414840042591095 0.84510993957519531 0.22129200398921967 -0.204721599817276 -0.31036323308944702 0.82255572080612183 1.4760180711746216 0 1/00362.png

358 0.43701028823852539 0.84887105226516724 0.21521225571632385 -0.20524024963378906 -0.18560919165611267 0.98214340209960938 1.3858510255813599 0 1/00354.png

359 0.46557322144508362 0.83817034959793091 0.20972222089767456 -0.19164708256721497 -0.32400697469711304 0.95548868179321289 1.3622010946273804 0 1/00358.png

360 0.42818388342857361 0.84786295890808105 0.23273050785064697 -0.2088620662689209 -0.30134594440460205 0.77064847946166992 1.5249075889587402 0 1/00363.png

361 0.44943505525588989 0.84415906667709351 0.21190488338470459 -0.2012462317943573 -0.23358574509620667 0.99314671754837036 1.3670190572738647 0 1/00355.png

362 0.46101149916648865 0.83983129262924194 0.21240660548210144 -0.19244574010372162 -0.33285322785377502 0.92389398813247681 1.3849749565124512 0 1/00359.png

363 0.45523414015769958 0.84160780906677246 0.21520726382732391 -0.1953049898147583 -0.33303177356719971 0.89046633243560791 1.4124317169189453 0 1/00360.png

364 0.44942614436149597 0.84344625473022461 0.21650868654251099 -0.19934557378292084 -0.32595491409301758 0.86157351732254028 1.4405070543289185 0 1/00361.png

365 0.42725884914398193 0.84533607959747314 0.25056648254394531 -0.20018288493156433 -0.36744293570518494 0.73459148406982422 1.5702005624771118 0 1/00365.png

366 0.4314882755279541 0.84598690271377563 0.25269454717636108 -0.18511992692947388 -0.4282037615776062 0.71401917934417725 1.5798712968826294 0 1/00366.png

367 0.42352145910263062 0.84773486852645874 0.2424042671918869 -0.20788328349590302 -0.31994357705116272 0.74916183948516846 1.5556000471115112 0 1/00364.png

368 0.42950904369354248 0.84847396612167358 0.25931540131568909 -0.16843260824680328 -0.50703650712966919 0.67016088962554932 1.6043869256973267 0 1/00368.png

369 0.43053975701332092 0.84783220291137695 0.255982905626297 -0.17403683066368103 -0.47950193285942078 0.6788933277130127 1.5924155712127686 0 1/00367.png

370 0.43663078546524048 0.84347289800643921 0.26297569274902344 -0.16956031322479248 -0.51795017719268799 0.67669755220413208 1.6122157573699951 0 1/00369.png

371 0.43577173352241516 0.84134376049041748 0.26885083317756653 -0.17309767007827759 -0.51883399486541748 0.65955668687820435 1.6330562829971313 0 1/00370.png

372 0.43104740977287292 0.84194296598434448 0.27216848731040955 -0.17678970098495483 -0.5222967267036438 0.63733929395675659 1.6555070877075195 0 1/00371.png

373 0.42927980422973633 0.84293556213378906 0.27256476879119873 -0.17574679851531982 -0.54728955030441284 0.62393677234649658 1.6658731698989868 0 1/00372.png

374 0.43097019195556641 0.84302157163619995 0.27264595031738281 -0.17100729048252106 -0.58114093542098999 0.60439014434814453 1.6707502603530884 0 1/00373.png

375 0.42663580179214478 0.84217345714569092 0.2900833785533905 -0.1567719578742981 -0.69236302375793457 0.51484018564224243 1.708467960357666 0 1/00377.png

376 0.41956940293312073 0.8425067663192749 0.30061927437782288 -0.15418115258216858 -0.70874506235122681 0.46990379691123962 1.7284914255142212 0 1/00378.png

377 0.41517126560211182 0.84956860542297363 0.28101241588592529 -0.16400602459907532 -0.63045430183410645 0.53050452470779419 1.7071356773376465 0 1/00375.png

378 0.42756316065788269 0.83489018678665161 0.31225323677062988 -0.15048576891422272 -0.75542962551116943 0.46408495306968689 1.7377815246582031 0 1/00380.png

379 0.42220389842987061 0.84591764211654663 0.28384330868721008 -0.16000044345855713 -0.66821688413619995 0.53674942255020142 1.7045135498046875 0 1/00376.png

380 0.42475971579551697 0.84578365087509155 0.27620890736579895 -0.1671464592218399 -0.60299390554428101 0.56118863821029663 1.6867496967315674 0 1/00374.png

381 0.41883805394172668 0.84063565731048584 0.30821946263313293 -0.15135061740875244 -0.73535192012786865 0.45920664072036743 1.7375682592391968 0 1/00379.png

382 0.41459023952484131 0.82276195287704468 0.33982908725738525 -0.18892806768417358 -0.66134792566299438 0.43772697448730469 1.8483693599700928 0 1/00385.png

383 0.42013999819755554 0.83493494987487793 0.31951192021369934 -0.15581439435482025 -0.7505948543548584 0.43265670537948608 1.7715224027633667 0 1/00382.png

384 0.42565417289733887 0.83383077383041382 0.31681805849075317 -0.15222027897834778 -0.75818955898284912 0.44231128692626953 1.7528886795043945 0 1/00381.png

385 0.41764470934867859 0.82628148794174194 0.33345749974250793 -0.17787015438079834 -0.68619078397750854 0.43708056211471558 1.8234319686889648 0 1/00384.png

386 0.4213726818561554 0.83044278621673584 0.3246757984161377 -0.16551598906517029 -0.72456014156341553 0.44214975833892822 1.7918914556503296 0 1/00383.png

387 0.41387704014778137 0.82000225782394409 0.34484454989433289 -0.19335064291954041 -0.65887200832366943 0.43297076225280762 1.8644053936004639 0 1/00386.png

388 0.41334748268127441 0.81745105981826782 0.35045725107192993 -0.19518542289733887 -0.66102725267410278 0.42372232675552368 1.8778584003448486 0 1/00387.png

389 0.41126140952110291 0.81052577495574951 0.3699672520160675 -0.19244815409183502 -0.69049656391143799 0.37212517857551575 1.9124420881271362 0 1/00390.png

390 0.41314435005187988 0.8031802773475647 0.38323542475700378 -0.19324524700641632 -0.69502586126327515 0.35333207249641418 1.9338502883911133 0 1/00392.png

391 0.41205963492393494 0.81407999992370605 0.35974639654159546 -0.19509804248809814 -0.68087422847747803 0.39410963654518127 1.900130033493042 0 1/00389.png

392 0.41289740800857544 0.80631572008132935 0.37758004665374756 -0.1918436735868454 -0.69741225242614746 0.36113831400871277 1.9215546846389771 0 1/00391.png

393 0.41334879398345947 0.81540077924728394 0.35428303480148315 -0.1968446671962738 -0.66820502281188965 0.41607177257537842 1.8895422220230103 0 1/00388.png

394 0.41197198629379272 0.79923194646835327 0.39061978459358215 -0.19729050993919373 -0.6825219988822937 0.34455719590187073 1.9515347480773926 0 1/00393.png

395 0.4135785698890686 0.78591418266296387 0.41081726551055908 -0.2062058299779892 -0.66231828927993774 0.32829874753952026 1.9955363273620605 0 1/00396.png

396 0.41286492347717285 0.79042065143585205 0.40446954965591431 -0.20293374359607697 -0.67039632797241211 0.33410266041755676 1.9802968502044678 0 1/00395.png

397 0.41182321310043335 0.79531973600387573 0.39702329039573669 -0.2006009966135025 -0.67581737041473389 0.34055811166763306 1.9667737483978271 0 1/00394.png

398 0.4030010998249054 0.78309357166290283 0.42320477962493896 -0.21272590756416321 -0.62544900178909302 0.27802634239196777 2.0401477813720703 0 1/00398.png

399 0.4109683632850647 0.78406882286071777 0.41513451933860779 -0.20977209508419037 -0.64722925424575806 0.3118133544921875 2.0136191844940186 0 1/00397.png

400 0.38661104440689087 0.77383387088775635 0.44899097084999084 -0.22387535870075226 -0.56839323043823242 0.19381657242774963 2.1197509765625 0 1/00402.png

401 0.3983357846736908 0.7777143120765686 0.43343228101730347 -0.2205117791891098 -0.5960039496421814 0.25891205668449402 2.0766189098358154 0 1/00400.png

402 0.3990427553653717 0.78096204996109009 0.42931625247001648 -0.21575585007667542 -0.6119152307510376 0.26259258389472961 2.0595836639404297 0 1/00399.png

403 0.38553512096405029 0.76889246702194214 0.45083430409431458 -0.23856979608535767 -0.56226074695587158 0.23408666253089905 2.1539440155029297 0 1/00406.png

404 0.39328086376190186 0.77518504858016968 0.44058308005332947 -0.22428759932518005 -0.57421648502349854 0.23204004764556885 2.1000769138336182 0 1/00401.png

405 0.38522836565971375 0.772713303565979 0.45172995328903198 -0.22461816668510437 -0.58264350891113281 0.18421432375907898 2.1371939182281494 0 1/00404.png

406 0.38506871461868286 0.77270060777664185 0.45244777202606201 -0.22348824143409729 -0.57623308897018433 0.18451464176177979 2.1301870346069336 0 1/00403.png

407 0.38302937150001526 0.77221125364303589 0.45208355784416199 -0.22934426367282867 -0.57324641942977905 0.19546237587928772 2.1448540687561035 0 1/00405.png

408 0.38848480582237244 0.76468795537948608 0.45305314660072327 -0.24305279552936554 -0.55967587232589722 0.24829551577568054 2.1578223705291748 0 1/00407.png

409 0.38983476161956787 0.76080137491226196 0.45799744129180908 -0.24382039904594421 -0.56720054149627686 0.25704658031463623 2.156374454498291 0 1/00408.png

410 0.4124276340007782 0.72522920370101929 0.47228005528450012 -0.28442493081092834 -0.55449259281158447 0.46162882447242737 2.0987048149108887 0 1/00416.png

411 0.39482215046882629 0.75627303123474121 0.45985761284828186 -0.2463686615228653 -0.57666099071502686 0.28278595209121704 2.1518306732177734 0 1/00409.png

412 0.40416014194488525 0.74562680721282959 0.46212548017501831 -0.25910490751266479 -0.58354479074478149 0.366385817527771 2.1299943923950195 0 1/00412.png

413 0.40717673301696777 0.74034404754638672 0.46347847580909729 -0.26699340343475342 -0.56774365901947021 0.3968818187713623 2.1253128051757812 0 1/00413.png

414 0.3975512683391571 0.75241923332214355 0.46264004707336426 -0.24856072664260864 -0.58093541860580444 0.29722917079925537 2.1497271060943604 0 1/00410.png

415 0.39903908967971802 0.74949651956558228 0.46432933211326599 -0.25183525681495667 -0.58602219820022583 0.3209228515625 2.1423275470733643 0 1/00411.png

416 0.40651962161064148 0.7350192666053772 0.46856546401977539 -0.27374240756034851 -0.55125260353088379 0.41385653614997864 2.1203353404998779 0 1/00414.png

417 0.40915629267692566 0.72954916954040527 0.4705871045589447 -0.28088602423667908 -0.54735112190246582 0.44893962144851685 2.1090621948242188 0 1/00415.png

418 0.41273924708366394 0.72091084718704224 0.47856959700584412 -0.28443819284439087 -0.57825839519500732 0.47644394636154175 2.0710659027099609 0 1/00418.png

419 0.40972086787223816 0.72506028413772583 0.47608464956283569 -0.28241774439811707 -0.56805157661437988 0.45336702466011047 2.088219165802002 0 1/00417.png

420 0.41118580102920532 0.71714991331100464 0.48280587792396545 -0.28899937868118286 -0.58625751733779907 0.48966342210769653 2.0546207427978516 0 1/00420.png

421 0.41377159953117371 0.71747654676437378 0.48067903518676758 -0.28804177045822144 -0.58001571893692017 0.48791825771331787 2.0639393329620361 0 1/00419.png

422 0.40589341521263123 0.71746683120727539 0.48835250735282898 -0.28636297583580017 -0.67627549171447754 0.51350998878479004 2.0137746334075928 0 1/00425.png

423 0.41177850961685181 0.71414685249328613 0.48593878746032715 -0.29033812880516052 -0.59639132022857666 0.49890729784965515 2.0456986427307129 0 1/00421.png

424 0.40759006142616272 0.71444940567016602 0.48989847302436829 -0.28884589672088623 -0.62907814979553223 0.4988439679145813 2.0329952239990234 0 1/00423.png

425 0.41080936789512634 0.71273618936538696 0.48908397555351257 -0.28989598155021667 -0.61130541563034058 0.49717244505882263 2.0386207103729248 0 1/00422.png

426 0.40536549687385559 0.71917057037353516 0.48643040657043457 -0.28610852360725403 -0.70113217830657959 0.53566980361938477 2.00217604637146 0 1/00426.png

427 0.40768250823020935 0.72189605236053467 0.48089691996574402 -0.28530547022819519 -0.74287712574005127 0.56580334901809692 1.983674168586731 0 1/00428.png

428 0.40933462977409363 0.7203478217124939 0.48062583804130554 -0.28730294108390808 -0.72646409273147583 0.5672113299369812 1.9860516786575317 0 1/00427.png

429 0.40231209993362427 0.72526603937149048 0.48170599341392517 -0.28300788998603821 -0.75295114517211914 0.56512874364852905 1.9842638969421387 0 1/00429.png

430 0.40050098299980164 0.72657036781311035 0.48019203543663025 -0.284798264503479 -0.76002264022827148 0.58224642276763916 1.9821252822875977 0 1/00430.png

431 0.40692991018295288 0.71580761671066284 0.48834094405174255 -0.28905105590820312 -0.65054565668106079 0.51000481843948364 2.0222692489624023 0 1/00424.png

432 0.39417514204978943 0.72117495536804199 0.50130277872085571 -0.27060693502426147 -0.81644904613494873 0.60919839143753052 1.97886061668396 0 1/00436.png

433 0.40251424908638 0.72184926271438599 0.49199727177619934 -0.27359586954116821 -0.82011806964874268 0.59953922033309937 1.9666965007781982 0 1/00433.png

434 0.39870554208755493 0.72711086273193359 0.48534169793128967 -0.27710512280464172 -0.79875218868255615 0.58386337757110596 1.9703137874603271 0 1/00432.png

435 0.39801445603370667 0.72817444801330566 0.48099663853645325 -0.28282269835472107 -0.77573281526565552 0.58240228891372681 1.980242133140564 0 1/00431.png

436 0.40614095330238342 0.7181781530380249 0.49487763643264771 -0.2727009654045105 -0.83029812574386597 0.60751813650131226 1.9624240398406982 0 1/00434.png

437 0.39263916015625 0.71705144643783569 0.50636380910873413 -0.27434903383255005 -0.80124485492706299 0.63627487421035767 1.9873642921447754 0 1/00437.png

438 0.39905628561973572 0.7213515043258667 0.49772250652313232 -0.26958936452865601 -0.82746899127960205 0.59641236066818237 1.9708094596862793 0 1/00435.png

439 0.4065338671207428 0.69551211595535278 0.51713830232620239 -0.28906929492950439 -0.78824198246002197 0.74580222368240356 1.9541100263595581 0 1/00441.png

440 0.39559939503669739 0.71179801225662231 0.50787609815597534 -0.28090307116508484 -0.7852938175201416 0.67016160488128662 1.9809911251068115 0 1/00438.png

441 0.3969404399394989 0.70811927318572998 0.50883811712265015 -0.28651198744773865 -0.77271884679794312 0.69471520185470581 1.9758778810501099 0 1/00439.png

442 0.40078398585319519 0.70955586433410645 0.51369041204452515 -0.26837435364723206 -0.86015379428863525 0.71898245811462402 1.9316070079803467 0 1/00445.png

443 0.40274697542190552 0.70177483558654785 0.5110442042350769 -0.29007017612457275 -0.77547681331634521 0.7205735445022583 1.9565739631652832 0 1/00440.png

444 0.41057726740837097 0.69248992204666138 0.51879870891571045 -0.2876313328742981 -0.80294120311737061 0.75113511085510254 1.9419960975646973 0 1/00442.png

445 0.40325900912284851 0.70397692918777466 0.51699811220169067 -0.27296799421310425 -0.84621858596801758 0.7332732081413269 1.9347569942474365 0 1/00444.png

446 0.38877129554748535 0.71617048978805542 0.51809126138687134 -0.25988078117370605 -0.85953199863433838 0.65506070852279663 1.9524507522583008 0 1/00446.png

447 0.40301254391670227 0.6992303729057312 0.52191668748855591 -0.27615362405776978 -0.82793891429901123 0.73150914907455444 1.9482375383377075 0 1/00443.png

448 0.37497389316558838 0.72190690040588379 0.52548021078109741 -0.24923011660575867 -0.86126196384429932 0.57452285289764404 1.9713728427886963 0 1/00447.png

449 0.36635124683380127 0.72286230325698853 0.53253591060638428 -0.24425862729549408 -0.85693520307540894 0.52292412519454956 1.9809621572494507 0 1/00448.png

450 0.34338012337684631 0.73040878772735596 0.55358314514160156 -0.20527724921703339 -0.92607027292251587 0.32318651676177979 1.9716589450836182 0 1/00451.png

451 0.35754826664924622 0.72316640615463257 0.5421406626701355 -0.23510237038135529 -0.86248528957366943 0.45636600255966187 1.9894154071807861 0 1/00449.png

452 0.35045096278190613 0.72568553686141968 0.54936176538467407 -0.22083088755607605 -0.89146798849105835 0.38374489545822144 1.9823939800262451 0 1/00450.png

453 0.34024322032928467 0.73362666368484497 0.55549991130828857 -0.19351014494895935 -0.9613335132598877 0.2814030647277832 1.9517213106155396 0 1/00452.png

454 0.33852857351303101 0.73605996370315552 0.55629104375839233 -0.18480910360813141 -0.98362034559249878 0.25630196928977966 1.933746337890625 0 1/00453.png

455 0.33457350730895996 0.7370535135269165 0.55921322107315063 -0.17914557456970215 -0.99322289228439331 0.22728335857391357 1.9241738319396973 0 1/00454.png

456 0.33112192153930664 0.73848468065261841 0.56062698364257812 -0.17520290613174438 -1.0070960521697998 0.20412251353263855 1.9121536016464233 0 1/00455.png

457 0.32527363300323486 0.74369382858276367 0.56471711397171021 -0.14903369545936584 -1.0819199085235596 0.109211266040802 1.8470001220703125 0 1/00458.png

458 0.31528866291046143 0.75346207618713379 0.56687188148498535 -0.1074443906545639 -1.1522166728973389 -0.069769859313964844 1.6910966634750366 0 1/00465.png

459 0.32668253779411316 0.74074047803878784 0.56173229217529297 -0.17040781676769257 -1.0145953893661499 0.17833012342453003 1.9025752544403076 0 1/00456.png

460 0.32184523344039917 0.74282729625701904 0.56459605693817139 -0.1607932448387146 -1.0349061489105225 0.13606804609298706 1.88336181640625 0 1/00457.png

461 0.29571616649627686 0.76853293180465698 0.56055968999862671 -0.087646305561065674 -1.1702291965484619 -0.16162854433059692 1.6170006990432739 0 1/00469.png

462 0.33125227689743042 0.74355077743530273 0.5675886869430542 -0.12347960472106934 -1.163535475730896 0.046274900436401367 1.7768732309341431 0 1/00460.png

463 0.32625302672386169 0.74502307176589966 0.57049405574798584 -0.11417553573846817 -1.1719710826873779 0.0036489367485046387 1.7486476898193359 0 1/00462.png

464 0.33206036686897278 0.74349278211593628 0.56854939460754395 -0.1170724630355835 -1.1782593727111816 0.026770114898681641 1.7516900300979614 0 1/00461.png

465 0.3197651207447052 0.74828958511352539 0.57118439674377441 -0.10752422362565994 -1.1660078763961792 -0.029241204261779785 1.7303919792175293 0 1/00463.png

466 0.30994772911071777 0.75165629386901855 0.57320249080657959 -0.10190227627754211 -1.158254861831665 -0.068902373313903809 1.7235919237136841 0 1/00464.png

467 0.32859662175178528 0.7443280816078186 0.5653834342956543 -0.13543054461479187 -1.1286325454711914 0.079590141773223877 1.8124691247940063 0 1/00459.png

468 0.30011442303657532 0.76419126987457275 0.5632440447807312 -0.09326992928981781 -1.1661322116851807 -0.13900178670883179 1.6384595632553101 0 1/00468.png

469 0.30471670627593994 0.76015496253967285 0.56527239084243774 -0.098890036344528198 -1.1593164205551147 -0.11624175310134888 1.6602332592010498 0 1/00467.png

470 0.30946969985961914 0.75679183006286621 0.56631767749786377 -0.10382094979286194 -1.1552152633666992 -0.093311488628387451 1.676906943321228 0 1/00466.png

471 0.2783973217010498 0.77403205633163452 0.56174486875534058 -0.088385224342346191 -1.1357312202453613 -0.20447206497192383 1.611093282699585 0 1/00471.png

472 0.26774334907531738 0.77652692794799805 0.56323182582855225 -0.089940577745437622 -1.1090983152389526 -0.23038023710250854 1.6102944612503052 0 1/00472.png

473 0.28701737523078918 0.77174669504165649 0.56068313121795654 -0.087535768747329712 -1.1558592319488525 -0.18338626623153687 1.6094901561737061 0 1/00470.png

474 0.26803469657897949 0.78008610010147095 0.558738112449646 -0.086224973201751709 -1.1002833843231201 -0.2386358380317688 1.5843183994293213 0 1/00473.png

475 0.26480290293693542 0.78579872846603394 0.5520784854888916 -0.087230347096920013 -1.0479919910430908 -0.25133204460144043 1.5499404668807983 0 1/00476.png

476 0.26680195331573486 0.78322094678878784 0.5549767017364502 -0.085921294987201691 -1.085479736328125 -0.24218529462814331 1.5673527717590332 0 1/00474.png

477 0.26482221484184265 0.78637433052062988 0.55145323276519775 -0.085930019617080688 -1.0309827327728271 -0.2607344388961792 1.5396275520324707 0 1/00477.png

478 0.26744601130485535 0.78471487760543823 0.55251157283782959 -0.086175642907619476 -1.0678962469100952 -0.24354517459869385 1.5553915500640869 0 1/00475.png

479 0.26774582266807556 0.78857100009918213 0.54733598232269287 -0.083014093339443207 -1.0062174797058105 -0.26962387561798096 1.5139023065567017 0 1/00479.png

480 0.26306831836700439 0.78730165958404541 0.55088752508163452 -0.086453996598720551 -1.0116431713104248 -0.26944297552108765 1.5316355228424072 0 1/00478.png

481 0.26820299029350281 0.79136067628860474 0.54362589120864868 -0.079286552965641022 -0.99597907066345215 -0.27792757749557495 1.4999384880065918 0 1/00480.png

482 0.25801098346710205 0.79522830247879028 0.541778564453125 -0.086707539856433868 -0.94232451915740967 -0.2897992730140686 1.5043506622314453 0 1/00482.png

483 0.25145316123962402 0.80078577995300293 0.53634339570999146 -0.088595934212207794 -0.90421295166015625 -0.30278384685516357 1.4974132776260376 0 1/00484.png

484 0.22353146970272064 0.81504696607589722 0.52758067846298218 -0.085969582200050354 -0.74967741966247559 -0.36691462993621826 1.4735196828842163 0 1/00492.png

485 0.25860640406608582 0.79831463098526001 0.53711134195327759 -0.085603252053260803 -0.93014335632324219 -0.29097038507461548 1.494170069694519 0 1/00483.png

486 0.24703218042850494 0.80661922693252563 0.53001362085342407 -0.086174391210079193 -0.87472498416900635 -0.32229775190353394 1.4815343618392944 0 1/00486.png

487 0.26524937152862549 0.79355663061141968 0.54164260625839233 -0.080832533538341522 -0.97370779514312744 -0.28342002630233765 1.494193434715271 0 1/00481.png

488 0.22667992115020752 0.81511527299880981 0.5265887975692749 -0.083111397922039032 -0.77263689041137695 -0.36390471458435059 1.4692277908325195 0 1/00491.png

489 0.24223178625106812 0.80976778268814087 0.52665257453918457 -0.090758278965950012 -0.84770095348358154 -0.32451337575912476 1.4818364381790161 0 1/00487.png

490 0.25031769275665283 0.80348026752471924 0.53318643569946289 -0.086444400250911713 -0.89166510105133057 -0.31274265050888062 1.4873456954956055 0 1/00485.png

491 0.21760253608226776 0.81834965944290161 0.52508920431137085 -0.085054740309715271 -0.72260737419128418 -0.37469589710235596 1.4691905975341797 0 1/00494.png

492 0.22510671615600586 0.81529170274734497 0.52759110927581787 -0.079207628965377808 -0.81097513437271118 -0.37195372581481934 1.4685301780700684 0 1/00489.png

493 0.21161462366580963 0.82488900423049927 0.51720058917999268 -0.085328631103038788 -0.70148074626922607 -0.37359404563903809 1.4623302221298218 0 1/00496.png

494 0.22489103674888611 0.81477349996566772 0.52807945013046265 -0.081855803728103638 -0.82598960399627686 -0.36534249782562256 1.4756268262863159 0 1/00488.png

495 0.22588974237442017 0.81485700607299805 0.52773541212081909 -0.080481879413127899 -0.79147917032241821 -0.37033867835998535 1.4675208330154419 0 1/00490.png

496 0.21325267851352692 0.82074660062789917 0.52241009473800659 -0.089364297688007355 -0.70397317409515381 -0.37366712093353271 1.4715192317962646 0 1/00495.png

497 0.21949240565299988 0.81646239757537842 0.52748596668243408 -0.083490937948226929 -0.73672568798065186 -0.37715733051300049 1.4692437648773193 0 1/00493.png

498 0.20974020659923553 0.8261878490447998 0.51543152332305908 -0.088051028549671173 -0.68445855379104614 -0.37261629104614258 1.4610627889633179 0 1/00497.png

499 0.2038528174161911 0.83806169033050537 0.49884745478630066 -0.085133805871009827 -0.66178429126739502 -0.34476792812347412 1.4446550607681274 0 1/00502.png

500 0.20588253438472748 0.83004677295684814 0.51060777902603149 -0.088962890207767487 -0.6686934232711792 -0.36838793754577637 1.4586083889007568 0 1/00499.png

501 0.21420538425445557 0.83911371231079102 0.49062615633010864 -0.096385985612869263 -0.62596732378005981 -0.27369481325149536 1.4580836296081543 0 1/00505.png

502 0.20473980903625488 0.82788652181625366 0.51512366533279419 -0.085633657872676849 -0.67308539152145386 -0.37905740737915039 1.4561034440994263 0 1/00498.png

503 0.20872373878955841 0.83903449773788452 0.4943993091583252 -0.089581973850727081 -0.65264487266540527 -0.31981509923934937 1.4501967430114746 0 1/00503.png

504 0.20302458107471466 0.8363223671913147 0.50242269039154053 -0.083170600235462189 -0.66960608959197998 -0.36158871650695801 1.4423431158065796 0 1/00501.png

505 0.20501144230365753 0.83304369449615479 0.50651222467422485 -0.086335748434066772 -0.6711280345916748 -0.36803245544433594 1.4489233493804932 0 1/00500.png

506 0.2071765810251236 0.84066802263259888 0.49219384789466858 -0.090001747012138367 -0.64052200317382812 -0.30873996019363403 1.4503669738769531 0 1/00504.png

507 0.24108211696147919 0.83585339784622192 0.48052340745925903 -0.11102202534675598 -0.61766248941421509 -0.16489970684051514 1.4721662998199463 0 1/00508.png

508 0.22211730480194092 0.83707356452941895 0.48858469724655151 -0.10609755665063858 -0.61220705509185791 -0.23677229881286621 1.4704461097717285 0 1/00506.png

509 0.22978579998016357 0.83613473176956177 0.48584499955177307 -0.1096891388297081 -0.61053919792175293 -0.20407241582870483 1.4732136726379395 0 1/00507.png

510 0.25271657109260559 0.83826911449432373 0.46783629059791565 -0.12069953978061676 -0.60744518041610718 -0.096395730972290039 1.4785619974136353 0 1/00510.png

511 0.24936117231845856 0.83646082878112793 0.47344887256622314 -0.11831502616405487 -0.6121935248374939 -0.12318336963653564 1.4771369695663452 0 1/00509.png

512 0.2622954249382019 0.84635251760482788 0.44640541076660156 -0.12494337558746338 -0.60568481683731079 -0.030068516731262207 1.4737048149108887 0 1/00514.png

513 0.25771006941795349 0.83952045440673828 0.46176564693450928 -0.12475303560495377 -0.60366255044937134 -0.067144393920898438 1.4814472198486328 0 1/00511.png

514 0.27860984206199646 0.85914099216461182 0.41261649131774902 -0.11832522600889206 -0.64116120338439941 0.055316329002380371 1.4507167339324951 0 1/00520.png

515 0.27671146392822266 0.86404567956924438 0.40276774764060974 -0.12097124010324478 -0.63003849983215332 0.070523500442504883 1.4565327167510986 0 1/00523.png

516 0.27721002697944641 0.85765761137008667 0.4173252284526825 -0.11583518981933594 -0.64790099859237671 0.042691648006439209 1.4487177133560181 0 1/00519.png

517 0.26304996013641357 0.84459823369979858 0.44921445846557617 -0.12515981495380402 -0.60869508981704712 -0.035406887531280518 1.4753860235214233 0 1/00513.png

518 0.2634967565536499 0.84805822372436523 0.44195926189422607 -0.12664395570755005 -0.60395181179046631 -0.015367031097412109 1.4725689888000488 0 1/00515.png

519 0.2606673538684845 0.84180271625518799 0.45522195100784302 -0.12725460529327393 -0.60369735956192017 -0.046692967414855957 1.4813781976699829 0 1/00512.png

520 0.27237671613693237 0.85515975952148438 0.42541942000389099 -0.11632248759269714 -0.64394974708557129 0.019003927707672119 1.4520852565765381 0 1/00518.png

521 0.26956325769424438 0.8514934778213501 0.43262934684753418 -0.12298876792192459 -0.62588906288146973 0.0076930522918701172 1.4655435085296631 0 1/00517.png

522 0.27740919589996338 0.86106216907501221 0.40903514623641968 -0.11960910260677338 -0.63557100296020508 0.06060105562210083 1.4524623155593872 0 1/00521.png

523 0.26691430807113647 0.84934705495834351 0.43731263279914856 -0.12698051333427429 -0.60976487398147583 0.0017801523208618164 1.4712101221084595 0 1/00516.png

524 0.27757081389427185 0.86584234237670898 0.3991849422454834 -0.11799507588148117 -0.63867664337158203 0.073589444160461426 1.4535949230194092 0 1/00524.png

525 0.27691507339477539 0.86296951770782471 0.40501376986503601 -0.12068751454353333 -0.6309361457824707 0.06760174036026001 1.4546376466751099 0 1/00522.png

526 0.28179657459259033 0.86912292242050171 0.39080166816711426 -0.11175907403230667 -0.65989303588867188 0.087451636791229248 1.4454758167266846 0 1/00526.png

527 0.28507751226425171 0.87350159883499146 0.3792121410369873 -0.1091964989900589 -0.6732717752456665 0.10423576831817627 1.4409115314483643 0 1/00528.png

528 0.28493863344192505 0.87672466039657593 0.37225273251533508 -0.10766540467739105 -0.68159025907516479 0.11119049787521362 1.436962366104126 0 1/00529.png

529 0.27883294224739075 0.86748063564300537 0.39578253030776978 -0.11439340561628342 -0.6488114595413208 0.077144503593444824 1.4503364562988281 0 1/00525.png

530 0.28527462482452393 0.87096166610717773 0.38447949290275574 -0.11054262518882751 -0.66780334711074829 0.10109448432922363 1.4421103000640869 0 1/00527.png

531 0.28339603543281555 0.89128208160400391 0.34002721309661865 -0.098409563302993774 -0.71454703807830811 0.1258537769317627 1.4150353670120239 0 1/00533.png

532 0.27863919734954834 0.89493387937545776 0.33551961183547974 -0.094234101474285126 -0.72286218404769897 0.11337441205978394 1.410119891166687 0 1/00534.png

533 0.28411349654197693 0.88777202367782593 0.3479422926902771 -0.10038133710622787 -0.70819413661956787 0.12444323301315308 1.4198172092437744 0 1/00532.png

534 0.27925848960876465 0.90248668193817139 0.31948938965797424 -0.07388528436422348 -0.77094417810440063 0.10049253702163696 1.3727985620498657 0 1/00537.png

535 0.27721327543258667 0.89720839262008667 0.33219921588897705 -0.088394701480865479 -0.73791664838790894 0.10932546854019165 1.4004209041595459 0 1/00535.png

536 0.28761038184165955 0.88407379388809204 0.35408240556716919 -0.10158491879701614 -0.7056509256362915 0.12670421600341797 1.4225180149078369 0 1/00531.png

537 0.28338968753814697 0.89895665645599365 0.32394874095916748 -0.081390529870986938 -0.75869101285934448 0.11808556318283081 1.384522557258606 0 1/00536.png

538 0.28764104843139648 0.88025778532028198 0.36240226030349731 -0.10523069649934769 -0.69556355476379395 0.12574052810668945 1.4302318096160889 0 1/00530.png

539 0.27992770075798035 0.90681695938110352 0.30789780616760254 -0.067249245941638947 -0.78586184978485107 0.10776162147521973 1.3561999797821045 0 1/00539.png

540 0.27548295259475708 0.90518903732299805 0.3158968985080719 -0.070364095270633698 -0.7767907977104187 0.095523595809936523 1.3673588037490845 0 1/00538.png

541 0.27533847093582153 0.90978914499282837 0.30415928363800049 -0.062925167381763458 -0.7885170578956604 0.094313502311706543 1.349478006362915 0 1/00540.png

542 0.26985260844230652 0.91217911243438721 0.30246254801750183 -0.060209855437278748 -0.78679752349853516 0.085476934909820557 1.3463032245635986 0 1/00541.png

543 0.27423584461212158 0.91315627098083496 0.29485490918159485 -0.063253074884414673 -0.78133910894393921 0.1122702956199646 1.3453021049499512 0 1/00543.png

544 0.28341051936149597 0.91136813163757324 0.29107064008712769 -0.066064424812793732 -0.78237307071685791 0.14646360278129578 1.3409615755081177 0 1/00545.png

545 0.28857269883155823 0.91045981645584106 0.28852462768554688 -0.06739603728055954 -0.78278589248657227 0.16307470202445984 1.3396832942962646 0 1/00546.png

546 0.2725532054901123 0.9129793643951416 0.297434002161026 -0.060962021350860596 -0.78511357307434082 0.10252505540847778 1.3436236381530762 0 1/00542.png

547 0.2885308563709259 0.91065990924835205 0.28773960471153259 -0.068223349750041962 -0.78010642528533936 0.1651168167591095 1.3413609266281128 0 1/00547.png

548 0.27653643488883972 0.91267406940460205 0.2940579354763031 -0.0639033243060112 -0.78134346008300781 0.12183165550231934 1.3431035280227661 0 1/00544.png

549 0.28838637471199036 0.91054350137710571 0.28747561573982239 -0.071426048874855042 -0.77159798145294189 0.17020511627197266 1.3450026512145996 0 1/00548.png

550 0.28739774227142334 0.91036444902420044 0.28825122117996216 -0.074500396847724915 -0.76205825805664062 0.17544537782669067 1.3512694835662842 0 1/00549.png

551 0.28978431224822998 0.90915930271148682 0.28924474120140076 -0.076104633510112762 -0.75997978448867798 0.18229919672012329 1.3527894020080566 0 1/00550.png

552 0.29111102223396301 0.90904426574707031 0.28876212239265442 -0.074225224554538727 -0.7663722038269043 0.18447402119636536 1.3497012853622437 0 1/00551.png

553 0.28823104500770569 0.91038995981216431 0.28780597448348999 -0.072669200599193573 -0.76991629600524902 0.18573614954948425 1.3495063781738281 0 1/00552.png

554 0.2930908203125 0.9090573787689209 0.28634977340698242 -0.075605340301990509 -0.76735460758209229 0.20714661478996277 1.349734902381897 0 1/00553.png

555 0.29713371396064758 0.90836679935455322 0.28367409110069275 -0.078168816864490509 -0.76456880569458008 0.2244437038898468 1.3502321243286133 0 1/00554.png

556 0.2943650484085083 0.90960896015167236 0.28180494904518127 -0.080912046134471893 -0.76019406318664551 0.23374298214912415 1.3547855615615845 0 1/00556.png

557 0.2968771755695343 0.90876877307891846 0.28229767084121704 -0.079443499445915222 -0.76275122165679932 0.23007479310035706 1.3514770269393921 0 1/00555.png

558 0.29657125473022461 0.90872669219970703 0.28130966424942017 -0.084416352212429047 -0.75708836317062378 0.25256955623626709 1.3567386865615845 0 1/00558.png

559 0.29550924897193909 0.90940964221954346 0.28072047233581543 -0.082730799913406372 -0.75827276706695557 0.24417132139205933 1.3556609153747559 0 1/00557.png

560 0.29952365159988403 0.90738868713378906 0.28299897909164429 -0.082721680402755737 -0.7659071683883667 0.26283815503120422 1.3514354228973389 0 1/00560.png

561 0.30445629358291626 0.90648144483566284 0.27962327003479004 -0.086072757840156555 -0.76285290718078613 0.28817960619926453 1.3474502563476562 0 1/00563.png

562 0.30543071031570435 0.90592062473297119 0.28102421760559082 -0.083936393260955811 -0.7686913013458252 0.28397217392921448 1.3450647592544556 0 1/00562.png

563 0.29931542277336121 0.90751427412033081 0.28222697973251343 -0.084711417555809021 -0.75984430313110352 0.25985100865364075 1.3545409440994263 0 1/00559.png

564 0.30500012636184692 0.90678983926773071 0.27737182378768921 -0.088158875703811646 -0.75982123613357544 0.29680103063583374 1.3459675312042236 0 1/00565.png

565 0.3021552562713623 0.90665876865386963 0.28252938389778137 -0.082760132849216461 -0.76895391941070557 0.2727510929107666 1.3480221033096313 0 1/00561.png

566 0.30419930815696716 0.90671056509017944 0.278572678565979 -0.087954185903072357 -0.7592923641204834 0.29253309965133667 1.3477195501327515 0 1/00564.png

567 0.30421873927116394 0.90714526176452637 0.27672621607780457 -0.089224934577941895 -0.75638198852539062 0.29746833443641663 1.346747875213623 0 1/00566.png

568 0.30394607782363892 0.9062420129776001 0.28008532524108887 -0.088850900530815125 -0.75746667385101318 0.2929750382900238 1.3461365699768066 0 1/00569.png

569 0.30540543794631958 0.90534389019012451 0.2816198468208313 -0.088149063289165497 -0.75881421566009521 0.29625022411346436 1.3444223403930664 0 1/00572.png

570 0.30253398418426514 0.90699565410614014 0.27881288528442383 -0.089974865317344666 -0.75308752059936523 0.29296714067459106 1.348933219909668 0 1/00568.png

571 0.30329075455665588 0.90712672472000122 0.27743187546730042 -0.090372830629348755 -0.75264084339141846 0.29616588354110718 1.3488173484802246 0 1/00567.png

572 0.30429649353027344 0.90610450506210327 0.28072041273117065 -0.087030857801437378 -0.76173651218414307 0.29145625233650208 1.34324049949646 0 1/00570.png

573 0.3054644763469696 0.90547627210617065 0.28111043572425842 -0.088210232555866241 -0.75934219360351562 0.29514142870903015 1.3436262607574463 0 1/00571.png

