# Image list with two lines of data per image:
#   IMAGE_ID, QW, QX, QY, QZ, TX, TY, TZ, CAMERA_ID, NAME
#   POINTS2D[] as (X, Y, POINT3D_ID)
# Number of images: 200, mean observations per image: 0
1 0.33483675122261047 0.69115692377090454 0.58196502923965454 -0.26740062236785889 -0.40958833694458008 0.23934644460678101 1.2751535177230835 0 1/00016.png

2 0.42279604077339172 0.88610976934432983 0.16919991374015808 -0.086165226995944977 -1.0292084217071533 0.8543097972869873 0.51379048824310303 0 1/00002.png

3 0.46078026294708252 0.85671937465667725 0.19561059772968292 -0.12429778277873993 -0.98566150665283203 0.83285146951675415 0.60768318176269531 0 1/00005.png

4 0.41760706901550293 0.78387969732284546 0.40956458449363708 -0.20831216871738434 -0.7419360876083374 0.53217399120330811 1.0234526395797729 0 1/00010.png

5 0.4507472813129425 0.84782636165618896 0.23142355680465698 -0.15639863908290863 -0.91974949836730957 0.78254508972167969 0.72797179222106934 0 1/00006.png

6 0.4067704975605011 0.88140243291854858 0.22437867522239685 -0.085567176342010498 -1.0685323476791382 0.74783968925476074 0.56606554985046387 0 1/00000.png

7 0.30777493119239807 0.81422328948974609 0.43716922402381897 -0.22626994550228119 -0.37832003831863403 0.21350681781768799 1.2100386619567871 0 1/00023.png

8 0.4065786600112915 0.88642144203186035 0.2034221887588501 -0.087006635963916779 -1.0535520315170288 0.78821069002151489 0.56107425689697266 0 1/00001.png

9 0.33410185575485229 0.71162557601928711 0.56149929761886597 -0.258231520652771 -0.43238550424575806 0.22341428697109222 1.2655056715011597 0 1/00017.png

10 0.43974342942237854 0.87925946712493896 0.15379719436168671 -0.099372796714305878 -1.0099706649780273 0.8982468843460083 0.51026690006256104 0 1/00003.png

11 0.42286950349807739 0.80611777305603027 0.35982456803321838 -0.20465058088302612 -0.78448891639709473 0.60141086578369141 0.96616882085800171 0 1/00009.png

12 0.43343418836593628 0.82622593641281128 0.30775526165962219 -0.18647296726703644 -0.84928297996520996 0.67228251695632935 0.87346738576889038 0 1/00008.png

13 0.39531508088111877 0.69946855306625366 0.55188310146331787 -0.22337156534194946 -0.60569989681243896 0.32374346256256104 1.1642056703567505 0 1/00013.png

14 0.43027028441429138 0.84011715650558472 0.27871093153953552 -0.17717446386814117 -0.87444829940795898 0.72129464149475098 0.85117465257644653 0 1/00007.png

15 0.33604824542999268 0.72107452154159546 0.54966634511947632 -0.25493142008781433 -0.43050262331962585 0.21656978130340576 1.2558807134628296 0 1/00018.png

16 0.36786085367202759 0.67760956287384033 0.5887635350227356 -0.24265453219413757 -0.49441790580749512 0.26561933755874634 1.2281382083892822 0 1/00014.png

17 0.34375017881393433 0.67947345972061157 0.59275174140930176 -0.26229178905487061 -0.42051124572753906 0.24922645092010498 1.2697433233261108 0 1/00015.png

18 0.41078504920005798 0.72594475746154785 0.50399559736251831 -0.22416128218173981 -0.65804874897003174 0.41425174474716187 1.1107907295227051 0 1/00012.png

19 0.3154449462890625 0.79347509145736694 0.47009968757629395 -0.22337846457958221 -0.41468644142150879 0.1850653737783432 1.2122818231582642 0 1/00022.png

20 0.45237702131271362 0.86880582571029663 0.16870968043804169 -0.10985635221004486 -1.0028736591339111 0.87816202640533447 0.54980790615081787 0 1/00004.png

21 0.29959100484848022 0.82687491178512573 0.41450497508049011 -0.23389892280101776 -0.34018650650978088 0.23430109024047852 1.2139461040496826 0 1/00024.png

22 0.33064612746238708 0.76685899496078491 0.49739587306976318 -0.23494219779968262 -0.41936853528022766 0.19782052934169769 1.2230420112609863 0 1/00021.png

23 0.4139421284198761 0.75563490390777588 0.45659300684928894 -0.22178955376148224 -0.69741231203079224 0.48125302791595459 1.0704023838043213 0 1/00011.png

24 0.34528928995132446 0.72774773836135864 0.53919875621795654 -0.24581125378608704 -0.44291031360626221 0.2144271582365036 1.2382973432540894 0 1/00019.png

25 0.30963873863220215 0.82643699645996094 0.41100522875785828 -0.22847394645214081 -0.32485681772232056 0.25966554880142212 1.2121851444244385 0 1/00025.png

26 0.34490585327148438 0.74319249391555786 0.52107810974121094 -0.23912845551967621 -0.44095110893249512 0.21383087337017059 1.2277183532714844 0 1/00020.png

27 0.32075339555740356 0.83165466785430908 0.40436926484107971 -0.2048247903585434 -0.32022857666015625 0.28622865676879883 1.2216870784759521 0 1/00027.png

28 0.31889662146568298 0.82927358150482178 0.4058648943901062 -0.21420547366142273 -0.32780000567436218 0.2792498767375946 1.212740421295166 0 1/00026.png

29 0.32395520806312561 0.83426731824874878 0.40569564700126648 -0.18563997745513916 -0.33664527535438538 0.26766780018806458 1.2276490926742554 0 1/00028.png

30 0.32353469729423523 0.90261662006378174 0.26933345198631287 -0.089822925627231598 -0.37498107552528381 0.34353655576705933 1.0466529130935669 0 1/00034.png

31 0.34891742467880249 0.86176770925521851 0.3537726104259491 -0.10226394236087799 -0.48365911841392517 0.32572254538536072 1.1335763931274414 0 1/00031.png

32 0.31187278032302856 0.84031039476394653 0.41348597407341003 -0.16013465821743011 -0.35259011387825012 0.22631627321243286 1.2322136163711548 0 1/00029.png

33 0.32532575726509094 0.84535855054855347 0.39881917834281921 -0.14309181272983551 -0.39245003461837769 0.25903668999671936 1.2118322849273682 0 1/00030.png

34 0.35895609855651855 0.86888718605041504 0.32843151688575745 -0.091204911470413208 -0.48073357343673706 0.35060697793960571 1.0944089889526367 0 1/00032.png

35 0.34375104308128357 0.88462316989898682 0.30340883135795593 -0.08497164398431778 -0.45106688141822815 0.33274826407432556 1.0724352598190308 0 1/00033.png

36 0.33273619413375854 0.93642634153366089 0.11030111461877823 -0.015028118155896664 -0.32418352365493774 0.41121202707290649 0.98140627145767212 0 1/00039.png

37 0.34928128123283386 0.93317544460296631 0.084425613284111023 -0.0076471660286188126 -0.28827390074729919 0.45477187633514404 0.99897414445877075 0 1/00041.png

38 0.3217347264289856 0.93356424570083618 0.15345516800880432 -0.037363197654485703 -0.33682030439376831 0.3671969473361969 0.97291332483291626 0 1/00038.png

39 0.31484651565551758 0.91801005601882935 0.22718268632888794 -0.080729551613330841 -0.33543789386749268 0.33670139312744141 0.99376702308654785 0 1/00036.png

40 0.43659153580665588 0.89948105812072754 0.014189932495355606 0.010971005074679852 -0.025342121720314026 0.73296427726745605 0.84561705589294434 0 1/00049.png

41 0.34226518869400024 0.93593013286590576 0.082981206476688385 -0.0018260708311572671 -0.26878842711448669 0.4569755494594574 1.022580623626709 0 1/00042.png

42 0.47638854384422302 0.87729591131210327 0.058228142559528351 -0.0038988019805401564 0.050928473472595215 0.75594133138656616 0.61061191558837891 0 1/00054.png

43 0.30875301361083984 0.93030726909637451 0.18935823440551758 -0.057823359966278076 -0.33306917548179626 0.3306877613067627 0.98119139671325684 0 1/00037.png

44 0.34088224172592163 0.93473982810974121 0.099685877561569214 -0.011110285297036171 -0.31387770175933838 0.43394848704338074 0.98758792877197266 0 1/00040.png

45 0.32021325826644897 0.91041040420532227 0.24370431900024414 -0.096044808626174927 -0.33714127540588379 0.35331925749778748 1.0144299268722534 0 1/00035.png

46 0.48998627066612244 0.86979568004608154 0.058041203767061234 0.00027179485186934471 0.0075017809867858887 0.76411426067352295 0.6392626166343689 0 1/00052.png

47 0.49429717659950256 0.86858046054840088 0.010559529066085815 0.033566873520612717 -0.028839647769927979 0.78127026557922363 0.6698603630065918 0 1/00051.png

48 0.39057275652885437 0.91875040531158447 0.0548228919506073 0.018576420843601227 -0.2410852313041687 0.59770673513412476 0.98478776216506958 0 1/00044.png

49 0.36290574073791504 0.92894595861434937 0.072179645299911499 0.012200439348816872 -0.27680122852325439 0.51236909627914429 1.0110278129577637 0 1/00043.png

50 0.4841046929359436 0.87460911273956299 0.0019159195944666862 0.026418546214699745 -0.037578001618385315 0.79913473129272461 0.72119790315628052 0 1/00050.png

51 0.41211923956871033 0.90999966859817505 0.030590612441301346 0.033505454659461975 -0.18750929832458496 0.64507651329040527 0.93668800592422485 0 1/00046.png

52 0.50257021188735962 0.85911625623703003 0.060454852879047394 -0.075416132807731628 0.21229919791221619 0.79583126306533813 0.53476810455322266 0 1/00055.png

53 0.40603917837142944 0.91266733407974243 0.034103356301784515 0.031739972531795502 -0.13306331634521484 0.65220487117767334 0.93148112297058105 0 1/00047.png

54 0.40963974595069885 0.91091209650039673 0.041105028241872787 0.027290461584925652 -0.22232228517532349 0.63817292451858521 0.95424604415893555 0 1/00045.png

55 0.41242477297782898 0.9101138710975647 0.03468313068151474 0.019890466704964638 -0.082731708884239197 0.67561846971511841 0.90299147367477417 0 1/00048.png

56 0.48715704679489136 0.86867350339889526 0.088620387017726898 -0.015189464204013348 0.018125802278518677 0.75584501028060913 0.6073685884475708 0 1/00053.png

57 0.49596202373504639 0.85851025581359863 -0.11873733252286911 -0.053696252405643463 0.41783592104911804 0.65571868419647217 0.55019485950469971 0 1/00058.png

58 0.47579526901245117 0.83638042211532593 -0.27216377854347229 -0.0036979764699935913 0.44680455327033997 0.51267296075820923 0.64368480443954468 0 1/00059.png

59 0.49865242838859558 0.85957175493240356 0.056630264967679977 -0.096307508647441864 0.31950643658638 0.80448079109191895 0.51812797784805298 0 1/00056.png

60 0.49756938219070435 0.86213397979736328 -0.0023494849447160959 -0.095625057816505432 0.39933308959007263 0.75044882297515869 0.51173591613769531 0 1/00057.png

61 0.44388657808303833 0.82485514879226685 -0.34971591830253601 -0.01666056364774704 0.71169090270996094 0.36428314447402954 0.71025842428207397 0 1/00065.png

62 0.47029033303260803 0.8285447359085083 -0.30385196208953857 0.0038179983384907246 0.46781066060066223 0.46433034539222717 0.66531002521514893 0 1/00060.png

63 0.45127600431442261 0.833290696144104 -0.31768068671226501 0.032489452511072159 0.51838064193725586 0.43762847781181335 0.7242693305015564 0 1/00062.png

64 0.44091498851776123 0.8343624472618103 -0.32994839549064636 0.023820213973522186 0.58288276195526123 0.41177403926849365 0.73876529932022095 0 1/00063.png

65 0.44110864400863647 0.83156579732894897 -0.33701828122138977 0.018442878499627113 0.62405192852020264 0.40241479873657227 0.73840171098709106 0 1/00064.png

66 0.43315133452415466 0.80536496639251709 -0.40299504995346069 0.03690892830491066 0.68885946273803711 0.38521167635917664 0.76318401098251343 0 1/00067.png

67 0.46117165684700012 0.82711446285247803 -0.31932622194290161 0.035114143043756485 0.47521093487739563 0.4560847282409668 0.70709961652755737 0 1/00061.png

68 0.44474029541015625 0.81680715084075928 -0.36744379997253418 0.0041437651962041855 0.71527159214019775 0.38613992929458618 0.71904265880584717 0 1/00066.png

69 0.36587515473365784 0.79773128032684326 -0.46034532785415649 0.13357482850551605 0.61607885360717773 0.38046377897262573 0.90440261363983154 0 1/00072.png

70 0.3765251636505127 0.79385983943939209 -0.46051475405693054 0.12626001238822937 0.62234592437744141 0.37842246890068054 0.89300447702407837 0 1/00071.png

71 0.36159074306488037 0.79500997066497803 -0.46682488918304443 0.13887345790863037 0.64881014823913574 0.40098303556442261 0.89766961336135864 0 1/00073.png

72 0.35788756608963013 0.80389440059661865 -0.44738021492958069 0.15975375473499298 0.65125346183776855 0.4856526255607605 0.86390036344528198 0 1/00076.png

73 0.40851083397865295 0.79703164100646973 -0.43959522247314453 0.067937634885311127 0.65506076812744141 0.36013075709342957 0.82776033878326416 0 1/00068.png

74 0.39362254738807678 0.79017704725265503 -0.45746985077857971 0.10678425431251526 0.6298525333404541 0.37360158562660217 0.86656177043914795 0 1/00070.png

75 0.36076357960700989 0.7976381778717041 -0.46162649989128113 0.14326205849647522 0.66177105903625488 0.43393892049789429 0.88781845569610596 0 1/00074.png

76 0.40353646874427795 0.78941303491592407 -0.4526829719543457 0.095201767981052399 0.63334524631500244 0.37223193049430847 0.851593017578125 0 1/00069.png

77 0.33093979954719543 0.78139406442642212 -0.49935874342918396 0.17476576566696167 0.50599265098571777 0.390392005443573 0.89327937364578247 0 1/00082.png

78 0.34346389770507812 0.78781014680862427 -0.47849747538566589 0.18007758259773254 0.53877508640289307 0.45429402589797974 0.88110071420669556 0 1/00081.png

79 0.34778600931167603 0.79721581935882568 -0.45932763814926147 0.18030537664890289 0.57000291347503662 0.49426329135894775 0.86913782358169556 0 1/00080.png

80 0.3663254976272583 0.79972594976425171 -0.45151951909065247 0.1495802253484726 0.66845262050628662 0.47201988101005554 0.86585766077041626 0 1/00075.png

81 0.35528349876403809 0.80470502376556396 -0.44374513626098633 0.17121268808841705 0.61707758903503418 0.52020484209060669 0.85505896806716919 0 1/00078.png

82 0.34789329767227173 0.8078656792640686 -0.448687344789505 0.15812346339225769 0.64578628540039062 0.48844990134239197 0.86499160528182983 0 1/00077.png

83 0.34703901410102844 0.80072540044784546 -0.45446410775184631 0.17850805819034576 0.58556687831878662 0.50738406181335449 0.87311071157455444 0 1/00079.png

84 0.31324130296707153 0.77416884899139404 -0.52621114253997803 0.16013841331005096 0.48777040839195251 0.30009245872497559 0.91888523101806641 0 1/00083.png

85 0.28009656071662903 0.77521020174026489 -0.54695063829421997 0.14642429351806641 0.4558853805065155 0.18960832059383392 0.94589048624038696 0 1/00085.png

86 0.30018657445907593 0.76876533031463623 -0.54637277126312256 0.14270514249801636 0.48635128140449524 0.22697506844997406 0.92774581909179688 0 1/00084.png

87 0.24623441696166992 0.81309223175048828 -0.50959450006484985 0.13624618947505951 0.43333247303962708 0.11534053087234497 0.94891929626464844 0 1/00087.png

88 0.24312646687030792 0.82632654905319214 -0.49043896794319153 0.13245256245136261 0.43784740567207336 0.095442384481430054 0.94121414422988892 0 1/00088.png

89 0.24752247333526611 0.86429291963577271 -0.4215046763420105 0.11859263479709625 0.45108804106712341 0.11698150634765625 0.93425518274307251 0 1/00090.png

90 0.26234200596809387 0.79308658838272095 -0.53064244985580444 0.14355817437171936 0.43465897440910339 0.1595013439655304 0.95143872499465942 0 1/00086.png

91 0.25544202327728271 0.88593846559524536 -0.37363454699516296 0.10129009932279587 0.43670651316642761 0.11285623908042908 0.93271780014038086 0 1/00092.png

92 0.23725318908691406 0.84805703163146973 -0.4577934741973877 0.122210294008255 0.44476249814033508 0.091907858848571777 0.93861591815948486 0 1/00089.png

93 0.29181697964668274 0.90568423271179199 -0.2968176007270813 0.080487444996833801 0.40437433123588562 0.19005508720874786 0.9332396388053894 0 1/00095.png

94 0.28659605979919434 0.89969563484191895 -0.31867516040802002 0.082804776728153229 0.42698636651039124 0.17115046083927155 0.92566561698913574 0 1/00094.png

95 0.32235103845596313 0.90754604339599609 -0.25737425684928894 0.078794054687023163 0.29558417201042175 0.25382030010223389 0.92850279808044434 0 1/00099.png

96 0.25209203362464905 0.87944042682647705 -0.38925719261169434 0.10729887336492538 0.4575904905796051 0.12002041935920715 0.92916089296340942 0 1/00091.png

97 0.26987916231155396 0.89171814918518066 -0.35224848985671997 0.089022509753704071 0.43560490012168884 0.13444867730140686 0.93051230907440186 0 1/00093.png

98 0.31767392158508301 0.90921223163604736 -0.25850164890289307 0.074787713587284088 0.33866783976554871 0.24059736728668213 0.92249011993408203 0 1/00098.png

99 0.32017636299133301 0.90640044212341309 -0.2654891312122345 0.073762938380241394 0.37687060236930847 0.23806238174438477 0.91626483201980591 0 1/00097.png

100 0.30784392356872559 0.90478134155273438 -0.28163924813270569 0.085335969924926758 0.3832116425037384 0.21833048760890961 0.92669403553009033 0 1/00096.png

101 0.347868412733078 0.90523254871368408 -0.2295045405626297 0.082880608737468719 0.21105009317398071 0.34416845440864563 0.93078935146331787 0 1/00101.png

102 0.36330083012580872 0.91291433572769165 -0.16566406190395355 0.084590010344982147 0.10193094611167908 0.46074339747428894 0.96947848796844482 0 1/00104.png

103 0.33573907613754272 0.90536880493164062 -0.24843502044677734 0.076594628393650055 0.2643602192401886 0.29055413603782654 0.93051838874816895 0 1/00100.png

104 0.36098930239677429 0.91061574220657349 -0.18315203487873077 0.08319266140460968 0.12899491190910339 0.43538334965705872 0.95755970478057861 0 1/00103.png

105 0.35336804389953613 0.90829020738601685 -0.20478454232215881 0.090570628643035889 0.15275734663009644 0.39448109269142151 0.94582861661911011 0 1/00102.png

106 0.40960922837257385 0.90996241569519043 -0.063382916152477264 0.013088668696582317 0.13473230600357056 0.63137948513031006 1.0031489133834839 0 1/00108.png

107 0.37182146310806274 0.91199356317520142 -0.15047925710678101 0.085862956941127777 0.080383956432342529 0.50783395767211914 0.98493415117263794 0 1/00105.png

108 0.40193036198616028 0.91072183847427368 -0.093198299407958984 0.018758008256554604 0.17386633157730103 0.59180289506912231 0.99488872289657593 0 1/00107.png

109 0.39554989337921143 0.90732854604721069 -0.1289457231760025 0.060565419495105743 0.13192659616470337 0.56458193063735962 0.9909554123878479 0 1/00106.png

110 0.40653166174888611 0.91270571947097778 -0.037464872002601624 0.017227407544851303 0.080346167087554932 0.65453386306762695 1.0405263900756836 0 1/00109.png

111 0.4315512478351593 0.9000059962272644 -0.020320167765021324 0.057790454477071762 -0.050469681620597839 0.73481559753417969 1.0214183330535889 0 1/00110.png

112 0.4667123556137085 0.84668415784835815 0.24571068584918976 0.070226743817329407 -0.36029872298240662 0.78308993577957153 0.91146081686019897 0 1/00115.png

113 0.48292171955108643 0.86354613304138184 0.13025869429111481 0.06408827006816864 -0.21576634049415588 0.86753660440444946 0.92236965894699097 0 1/00113.png

114 0.4712986946105957 0.87721109390258789 0.019854594022035599 0.089353583753108978 -0.16817672550678253 0.83740663528442383 0.94854247570037842 0 1/00111.png

115 0.41046500205993652 0.86984401941299438 0.27339145541191101 0.012123116292059422 -0.26875311136245728 0.62471550703048706 0.95314222574234009 0 1/00117.png

116 0.48569175601005554 0.86841481924057007 0.059315517544746399 0.080254837870597839 -0.18713298439979553 0.87456792593002319 0.91889941692352295 0 1/00112.png

117 0.43397772312164307 0.85538017749786377 0.27845385670661926 0.049513749778270721 -0.34090650081634521 0.67239677906036377 0.93991643190383911 0 1/00116.png

118 0.39896515011787415 0.8755728006362915 0.26737210154533386 -0.052069485187530518 -0.17123463749885559 0.6282997727394104 0.96199196577072144 0 1/00118.png

119 0.40549901127815247 0.8675389289855957 0.23980963230133057 -0.15949292480945587 -0.071092262864112854 0.63100463151931763 0.96529686450958252 0 1/00121.png

120 0.39076563715934753 0.87786674499511719 0.25957494974136353 -0.096296146512031555 -0.11731794476509094 0.61367607116699219 0.97273844480514526 0 1/00119.png

121 0.4897499680519104 0.84837710857391357 0.18670476973056793 0.074448905885219574 -0.32613533735275269 0.87131118774414062 0.88005048036575317 0 1/00114.png

122 0.46520829200744629 0.83998376131057739 0.20339410006999969 -0.19141416251659393 -0.18484300374984741 0.65548801422119141 0.91507828235626221 0 1/00124.png

123 0.43876934051513672 0.84902375936508179 0.21095506846904755 -0.20527543127536774 -0.097087651491165161 0.64899802207946777 0.93673509359359741 0 1/00123.png

124 0.3982139527797699 0.87342023849487305 0.25241327285766602 -0.12186116725206375 -0.10260923206806183 0.62396049499511719 0.96792864799499512 0 1/00120.png

125 0.41910791397094727 0.85993075370788574 0.22309577465057373 -0.18733900785446167 -0.065333396196365356 0.64107829332351685 0.9550398588180542 0 1/00122.png

126 0.46816480159759521 0.8383750319480896 0.20348510146141052 -0.19116167724132538 -0.22014249861240387 0.61328428983688354 0.93348336219787598 0 1/00125.png

127 0.44104999303817749 0.84498661756515503 0.24629060924053192 -0.17553772032260895 -0.31720393896102905 0.4559943675994873 1.0697548389434814 0 1/00128.png

128 0.44510290026664734 0.83918821811676025 0.25896093249320984 -0.17488789558410645 -0.34296199679374695 0.44320216774940491 1.1010489463806152 0 1/00129.png

129 0.44979885220527649 0.84277820587158203 0.21331383287906647 -0.20470252633094788 -0.20558527112007141 0.54729276895523071 0.99393624067306519 0 1/00126.png

130 0.43997514247894287 0.84109288454055786 0.2628534734249115 -0.17289526760578156 -0.38478195667266846 0.40677812695503235 1.1285662651062012 0 1/00130.png

131 0.44003894925117493 0.84204459190368652 0.24040840566158295 -0.19882237911224365 -0.24586355686187744 0.4922814667224884 1.0485364198684692 0 1/00127.png

132 0.43188366293907166 0.84330320358276367 0.27471804618835449 -0.16384787857532501 -0.44196200370788574 0.36336958408355713 1.1529290676116943 0 1/00131.png

133 0.42160919308662415 0.7968904972076416 0.38209158182144165 -0.20302030444145203 -0.45371341705322266 0.23715844750404358 1.3260102272033691 0 1/00137.png

134 0.42921370267868042 0.83264768123626709 0.31084579229354858 -0.16077442467212677 -0.49698230624198914 0.29474380612373352 1.2014890909194946 0 1/00133.png

135 0.42344874143600464 0.81300026178359985 0.34523424506187439 -0.20133313536643982 -0.44449394941329956 0.28406333923339844 1.2813055515289307 0 1/00135.png

136 0.42829516530036926 0.83849233388900757 0.29891249537467957 -0.15538686513900757 -0.48717182874679565 0.31266587972640991 1.176649808883667 0 1/00132.png

137 0.42254933714866638 0.78437697887420654 0.40197315812110901 -0.21123997867107391 -0.44112351536750793 0.2252296507358551 1.3579329252243042 0 1/00138.png

138 0.4209844172000885 0.80793994665145874 0.36163833737373352 -0.19804753363132477 -0.45845514535903931 0.25508737564086914 1.2982727289199829 0 1/00136.png

139 0.40887916088104248 0.74695241451263428 0.45617833733558655 -0.25842094421386719 -0.39149269461631775 0.22152133285999298 1.4559366703033447 0 1/00143.png

140 0.4239669144153595 0.82040220499038696 0.33106699585914612 -0.19387346506118774 -0.43880802392959595 0.2982974648475647 1.2532696723937988 0 1/00134.png

141 0.39656266570091248 0.77184474468231201 0.44049939513206482 -0.23011727631092072 -0.37905186414718628 0.13810119032859802 1.44312584400177 0 1/00140.png

142 0.40847823023796082 0.77922910451889038 0.42062899470329285 -0.22140179574489594 -0.40777736902236938 0.18275657296180725 1.4018547534942627 0 1/00139.png

143 0.39969593286514282 0.75830966234207153 0.45001688599586487 -0.25038862228393555 -0.37882861495018005 0.17939616739749908 1.4674538373947144 0 1/00142.png

144 0.41564425826072693 0.7378806471824646 0.45621290802955627 -0.27320656180381775 -0.37942010164260864 0.26948088407516479 1.4456449747085571 0 1/00144.png

145 0.39338675141334534 0.7698359489440918 0.44384625554084778 -0.23579643666744232 -0.3828006386756897 0.13946360349655151 1.4590985774993896 0 1/00141.png

146 0.42143473029136658 0.71516937017440796 0.47359335422515869 -0.29433798789978027 -0.38778051733970642 0.32906681299209595 1.4021360874176025 0 1/00146.png

147 0.40046238899230957 0.71894299983978271 0.49467939138412476 -0.27936199307441711 -0.54509437084197998 0.41038000583648682 1.3476829528808594 0 1/00152.png

148 0.41331365704536438 0.71499007940292358 0.48153460025787354 -0.29340308904647827 -0.45207971334457397 0.3462601900100708 1.3668670654296875 0 1/00148.png

149 0.41263973712921143 0.71657282114028931 0.48833540081977844 -0.27889114618301392 -0.55556076765060425 0.40753078460693359 1.3336231708526611 0 1/00151.png

150 0.4173930287361145 0.71048051118850708 0.48270919919013977 -0.29663509130477905 -0.40816158056259155 0.33437067270278931 1.3854581117630005 0 1/00147.png

151 0.42033138871192932 0.72308403253555298 0.46507278084754944 -0.29013484716415405 -0.37106806039810181 0.31141096353530884 1.427980899810791 0 1/00145.png

152 0.41291496157646179 0.72016829252243042 0.47461304068565369 -0.29257720708847046 -0.49563625454902649 0.37982285022735596 1.3494360446929932 0 1/00149.png

153 0.40479639172554016 0.72601789236068726 0.47443237900733948 -0.28974467515945435 -0.51866209506988525 0.3916715681552887 1.3452376127243042 0 1/00150.png

154 0.41546329855918884 0.69339948892593384 0.51215445995330811 -0.29031911492347717 -0.53978109359741211 0.49956324696540833 1.3208345174789429 0 1/00154.png

155 0.40235570073127747 0.7071305513381958 0.50266033411026001 -0.29224798083305359 -0.5177837610244751 0.46446806192398071 1.3451895713806152 0 1/00153.png

156 0.3744712769985199 0.72227644920349121 0.52520835399627686 -0.24948807060718536 -0.57611489295959473 0.35411831736564636 1.3427126407623291 0 1/00156.png

157 0.35435861349105835 0.72902917861938477 0.5451815128326416 -0.21383033692836761 -0.62176859378814697 0.2277882993221283 1.3368649482727051 0 1/00157.png

158 0.41288670897483826 0.70698803663253784 0.50402027368545532 -0.275056391954422 -0.57841861248016357 0.48566129803657532 1.3041003942489624 0 1/00155.png

159 0.33701413869857788 0.74292516708374023 0.56388503313064575 -0.12851989269256592 -0.78167009353637695 0.020365923643112183 1.1901626586914062 0 1/00161.png

160 0.28100395202636719 0.7807583212852478 0.5485999584197998 -0.10242674499750137 -0.72291076183319092 -0.1375453770160675 1.0642889738082886 0 1/00165.png

161 0.3436208963394165 0.73567867279052734 0.55233144760131836 -0.18876315653324127 -0.66476595401763916 0.16376024484634399 1.306891918182373 0 1/00158.png

162 0.31219285726547241 0.76227366924285889 0.55663716793060303 -0.10784041881561279 -0.77779495716094971 -0.072643965482711792 1.1126630306243896 0 1/00163.png

163 0.33300668001174927 0.74141645431518555 0.55692774057388306 -0.1709960401058197 -0.69354909658432007 0.10566779971122742 1.276827335357666 0 1/00159.png

164 0.34324675798416138 0.74194127321243286 0.55657726526260376 -0.14807611703872681 -0.75615799427032471 0.072923451662063599 1.2221359014511108 0 1/00160.png

165 0.29030489921569824 0.77155667543411255 0.55636173486709595 -0.10433146357536316 -0.75659811496734619 -0.11593344807624817 1.0967528820037842 0 1/00164.png

166 0.27415630221366882 0.78359276056289673 0.54716849327087402 -0.10689923912286758 -0.67949819564819336 -0.15126177668571472 1.0528533458709717 0 1/00166.png

167 0.31541708111763 0.75117719173431396 0.56586050987243652 -0.12667597830295563 -0.76083767414093018 -0.035255253314971924 1.1773496866226196 0 1/00162.png

168 0.2706853449344635 0.78809183835983276 0.54277253150939941 -0.10506439954042435 -0.64718186855316162 -0.16707828640937805 1.0352580547332764 0 1/00167.png

169 0.26026225090026855 0.79203015565872192 0.54121458530426025 -0.10972075909376144 -0.61292421817779541 -0.17774501442909241 1.0364449024200439 0 1/00168.png

170 0.24623066186904907 0.80244725942611694 0.53466928005218506 -0.09786466509103775 -0.58417427539825439 -0.21029326319694519 1.0174148082733154 0 1/00169.png

171 0.23158974945545197 0.81311005353927612 0.52511626482009888 -0.097320020198822021 -0.54358601570129395 -0.22909924387931824 1.0066823959350586 0 1/00170.png

172 0.22924491763114929 0.81794476509094238 0.51855945587158203 -0.097515903413295746 -0.48051303625106812 -0.22996386885643005 0.99555093050003052 0 1/00172.png

173 0.22446206212043762 0.81512200832366943 0.52515220642089844 -0.096995316445827484 -0.50298857688903809 -0.23824873566627502 1.003822922706604 0 1/00171.png

174 0.22761011123657227 0.83668524026870728 0.486845463514328 -0.10551311075687408 -0.43249011039733887 -0.18294921517372131 0.98074859380722046 0 1/00175.png

175 0.22195751965045929 0.82530665397644043 0.50952750444412231 -0.099927686154842377 -0.45480325818061829 -0.22886249423027039 0.98872053623199463 0 1/00173.png

176 0.25543278455734253 0.83507621288299561 0.47219368815422058 -0.12014572322368622 -0.41260510683059692 -0.0890674889087677 0.98890018463134766 0 1/00177.png

177 0.23875972628593445 0.83397454023361206 0.48321941494941711 -0.11823401600122452 -0.41102471947669983 -0.14319410920143127 0.9890514612197876 0 1/00176.png

178 0.27117735147476196 0.8381960391998291 0.45361915230751038 -0.13461039960384369 -0.40130764245986938 -0.025054514408111572 0.99522775411605835 0 1/00178.png

179 0.22192363440990448 0.83295804262161255 0.49786603450775146 -0.09518500417470932 -0.45211052894592285 -0.22108224034309387 0.97439336776733398 0 1/00174.png

180 0.27495241165161133 0.84564304351806641 0.43785101175308228 -0.13257239758968353 -0.40389984846115112 -0.0022163987159729004 0.98892956972122192 0 1/00179.png

181 0.28247907757759094 0.8510553240776062 0.4235776960849762 -0.12842267751693726 -0.41868287324905396 0.021796911954879761 0.98171335458755493 0 1/00180.png

182 0.2887769341468811 0.85858732461929321 0.40444281697273254 -0.12594272196292877 -0.42470026016235352 0.051686763763427734 0.97477716207504272 0 1/00181.png

183 0.29675346612930298 0.8726356029510498 0.37034794688224792 -0.11526846140623093 -0.44710004329681396 0.084707528352737427 0.96667540073394775 0 1/00184.png

184 0.29314848780632019 0.86810302734375 0.38244965672492981 -0.11913648992776871 -0.43715161085128784 0.07394719123840332 0.97071540355682373 0 1/00183.png

185 0.28866881132125854 0.8630526065826416 0.39404362440109253 -0.1286085844039917 -0.41771572828292847 0.063700765371322632 0.97743821144104004 0 1/00182.png

186 0.29251018166542053 0.9003678560256958 0.3113480806350708 -0.08269210159778595 -0.5082545280456543 0.084424674510955811 0.92249971628189087 0 1/00187.png

187 0.29070448875427246 0.89350265264511108 0.32702860236167908 -0.1009763702750206 -0.47842791676521301 0.091300725936889648 0.94621258974075317 0 1/00186.png

188 0.29894694685935974 0.8829692006111145 0.34543615579605103 -0.1080276146531105 -0.46739861369132996 0.099408209323883057 0.95471572875976562 0 1/00185.png

189 0.2996712327003479 0.90897965431213379 0.28000324964523315 -0.07450740784406662 -0.51579952239990234 0.12341055274009705 0.90000474452972412 0 1/00190.png

190 0.3072960376739502 0.9073365330696106 0.27244886755943298 -0.089895397424697876 -0.49960100650787354 0.17718015611171722 0.90925115346908569 0 1/00194.png

191 0.3006955087184906 0.90823942422866821 0.27946352958679199 -0.081139132380485535 -0.50298863649368286 0.13325625658035278 0.90531831979751587 0 1/00191.png

192 0.30040153861045837 0.90871226787567139 0.27916595339775085 -0.077893324196338654 -0.5073210597038269 0.135454922914505 0.90464699268341064 0 1/00192.png

193 0.28841909766197205 0.90811169147491455 0.29547765851020813 -0.069574184715747833 -0.52118575572967529 0.079596787691116333 0.90542221069335938 0 1/00188.png

194 0.30725884437561035 0.90730971097946167 0.27470126748085022 -0.083189137279987335 -0.50506258010864258 0.1624874472618103 0.90530461072921753 0 1/00193.png

195 0.28878980875015259 0.91043210029602051 0.28705090284347534 -0.072907596826553345 -0.51382404565811157 0.093171745538711548 0.9039081335067749 0 1/00189.png

196 0.313333660364151 0.90456795692443848 0.27440780401229858 -0.090990118682384491 -0.50419306755065918 0.19186568260192871 0.90566784143447876 0 1/00195.png

197 0.31573390960693359 0.90394788980484009 0.2729526162147522 -0.093205191195011139 -0.5014880895614624 0.20980402827262878 0.9008525013923645 0 1/00199.png

198 0.3155810534954071 0.90456122159957886 0.27135482430458069 -0.092434823513031006 -0.50331962108612061 0.20530764758586884 0.90347415208816528 0 1/00196.png

199 0.31429678201675415 0.90462946891784668 0.27182772755622864 -0.094724319875240326 -0.49981433153152466 0.20746411383152008 0.90285921096801758 0 1/00198.png

200 0.31610900163650513 0.90491819381713867 0.26835125684738159 -0.095842622220516205 -0.49890854954719543 0.2121296226978302 0.90245145559310913 0 1/00197.png

