# Image list with two lines of data per image:
#   IMAGE_ID, QW, QX, QY, QZ, TX, TY, TZ, CAMERA_ID, NAME
#   POINTS2D[] as (X, Y, POINT3D_ID)
# Number of images: 400, mean observations per image: 0
1 0.88999706506729126 -0.38742893934249878 0.093794099986553192 0.22137486934661865 -1.5951025485992432 1.2044633626937866 0.90199315547943115 0 1/00001.png

2 0.89355462789535522 -0.39731180667877197 0.090337380766868591 0.18852727115154266 -1.5637860298156738 1.3013412952423096 0.84332513809204102 0 1/00004.png

3 0.88841754198074341 -0.38584142923355103 0.092756859958171844 0.23073133826255798 -1.6029698848724365 1.1811206340789795 0.91564148664474487 0 1/00000.png

4 0.86183923482894897 -0.43845731019973755 0.13409958779811859 0.216808021068573 -1.4641342163085938 1.2867114543914795 1.0072319507598877 0 1/00015.png

5 0.88553547859191895 -0.423890620470047 0.10032124072313309 0.16149064898490906 -1.5176966190338135 1.4024286270141602 0.79236721992492676 0 1/00008.png

6 0.89286291599273682 -0.40223211050033569 0.096470020711421967 0.17804114520549774 -1.5461726188659668 1.3438746929168701 0.84048664569854736 0 1/00005.png

7 0.87331414222717285 -0.43880504369735718 0.11036262661218643 0.18053427338600159 -1.5180678367614746 1.3633182048797607 0.84075558185577393 0 1/00011.png

8 0.85969454050064087 -0.44765686988830566 0.13001701235771179 0.20886397361755371 -1.4947826862335205 1.2974393367767334 0.93646425008773804 0 1/00014.png

9 0.81738382577896118 -0.41351708769798279 0.19851569831371307 0.34853798151016235 -1.2214524745941162 0.99279630184173584 1.4131925106048584 0 1/00024.png

10 0.85168707370758057 -0.42670062184333801 0.16641700267791748 0.25467821955680847 -1.3517389297485352 1.1958286762237549 1.1847845315933228 0 1/00018.png

11 0.89216721057891846 -0.38555869460105896 0.095787443220615387 0.21495792269706726 -1.5906193256378174 1.2306571006774902 0.91206496953964233 0 1/00002.png

12 0.83628261089324951 -0.42325314879417419 0.18328878283500671 0.29646831750869751 -1.2927460670471191 1.0995936393737793 1.2902208566665649 0 1/00021.png

13 0.87068778276443481 -0.4390871524810791 0.12114068120718002 0.18555343151092529 -1.4961597919464111 1.3598833084106445 0.88705986738204956 0 1/00012.png

14 0.88956928253173828 -0.41508570313453674 0.097040362656116486 0.16417542099952698 -1.5249438285827637 1.3929228782653809 0.8081774115562439 0 1/00007.png

15 0.78881609439849854 -0.41038599610328674 0.21491378545761108 0.4039362370967865 -1.133631706237793 0.88488328456878662 1.5054385662078857 0 1/00027.png

16 0.85103017091751099 -0.43664649128913879 0.16308441758155823 0.24184897541999817 -1.3858267068862915 1.2275938987731934 1.1147429943084717 0 1/00017.png

17 0.87948805093765259 -0.43184122443199158 0.10800228267908096 0.16837283968925476 -1.5040497779846191 1.4001008272171021 0.83161187171936035 0 1/00010.png

18 0.72982698678970337 -0.40121161937713623 0.22644281387329102 0.50507962703704834 -1.0024975538253784 0.67243283987045288 1.65293288230896 0 1/00034.png

19 0.84365922212600708 -0.4197615385055542 0.17808064818382263 0.28341954946517944 -1.3119204044342041 1.1349025964736938 1.2719546556472778 0 1/00020.png

20 0.80896979570388794 -0.41166755557060242 0.20609237253665924 0.36554566025733948 -1.1823915243148804 0.95133209228515625 1.4439181089401245 0 1/00025.png

21 0.83007395267486572 -0.42210680246353149 0.18596634268760681 0.31339985132217407 -1.2783045768737793 1.0591747760772705 1.3149785995483398 0 1/00022.png

22 0.78548431396484375 -0.40551891922950745 0.21415117383003235 0.41558164358139038 -1.1180105209350586 0.84914368391036987 1.533388614654541 0 1/00028.png

23 0.69088423252105713 -0.38066348433494568 0.22847829759120941 0.57058912515640259 -0.88324427604675293 0.49242502450942993 1.7616634368896484 0 1/00038.png

24 0.75918960571289062 -0.4023701548576355 0.22236000001430511 0.46074458956718445 -1.0579957962036133 0.76876175403594971 1.5987131595611572 0 1/00031.png

25 0.74319285154342651 -0.40403071045875549 0.2288709431886673 0.48170709609985352 -1.0272394418716431 0.7313198447227478 1.6172062158584595 0 1/00032.png

26 0.76367741823196411 -0.40668338537216187 0.22172020375728607 0.44971722364425659 -1.0774633884429932 0.79424047470092773 1.5707473754882812 0 1/00030.png

27 0.71648585796356201 -0.39940348267555237 0.22455374896526337 0.52602320909500122 -0.98860675096511841 0.61486762762069702 1.675947904586792 0 1/00035.png

28 0.69834744930267334 -0.39292982220649719 0.22231850028038025 0.5554201602935791 -0.93543320894241333 0.52455776929855347 1.7155053615570068 0 1/00037.png

29 0.67732745409011841 -0.3610474169254303 0.2418474406003952 0.59361773729324341 -0.76525557041168213 0.43173682689666748 1.826693058013916 0 1/00040.png

30 0.68922364711761475 -0.33099192380905151 0.26671826839447021 0.58675086498260498 -0.63694953918457031 0.39496347308158875 1.8904000520706177 0 1/00045.png

31 0.67119985818862915 -0.3496643602848053 0.25224730372428894 0.60298991203308105 -0.70522820949554443 0.41633987426757812 1.8588404655456543 0 1/00041.png

32 0.70582151412963867 -0.32868322730064392 0.25851380825042725 0.57179880142211914 -0.66289865970611572 0.37599334120750427 1.8855307102203369 0 1/00047.png

33 0.71196103096008301 -0.32723236083984375 0.25914892554283142 0.56468790769577026 -0.66584396362304688 0.3734603226184845 1.8790874481201172 0 1/00048.png

34 0.67887693643569946 -0.33832579851150513 0.26697918772697449 0.59446108341217041 -0.64651393890380859 0.418304443359375 1.878084659576416 0 1/00043.png

35 0.68425083160400391 -0.33446744084358215 0.26480540633201599 0.59144771099090576 -0.64069175720214844 0.40404129028320312 1.8915506601333618 0 1/00044.png

36 0.74306315183639526 -0.3384833037853241 0.23919568955898285 0.52542513608932495 -0.67986506223678589 0.35870355367660522 1.8228700160980225 0 1/00057.png

37 0.72011262178421021 -0.33247461915016174 0.25635749101638794 0.55243033170700073 -0.66453742980957031 0.36758947372436523 1.8577702045440674 0 1/00051.png

38 0.79483860731124878 -0.30726996064186096 0.22344698011875153 0.47316834330558777 -0.63580870628356934 0.31608667969703674 1.802454948425293 0 1/00063.png

39 0.80694937705993652 -0.3018592894077301 0.22712028026580811 0.45401549339294434 -0.60335266590118408 0.33864739537239075 1.7979449033737183 0 1/00065.png

40 0.77043938636779785 -0.31691455841064453 0.23347055912017822 0.50147759914398193 -0.64193558692932129 0.3251972496509552 1.8258965015411377 0 1/00060.png

41 0.71687865257263184 -0.33134192228317261 0.25773435831069946 0.556659996509552 -0.66377270221710205 0.37085700035095215 1.867300271987915 0 1/00050.png

42 0.77597469091415405 -0.31850132346153259 0.22791562974452972 0.49444380402565002 -0.65164852142333984 0.31484469771385193 1.8105632066726685 0 1/00061.png

43 0.73263269662857056 -0.33713799715042114 0.24242094159126282 0.53927677869796753 -0.68074864149093628 0.35203880071640015 1.8349525928497314 0 1/00055.png

44 0.72775965929031372 -0.33893397450447083 0.24688097834587097 0.54271495342254639 -0.68251454830169678 0.36161723732948303 1.838506817817688 0 1/00054.png

45 0.82117867469787598 -0.29773005843162537 0.2317030280828476 0.42817774415016174 -0.54613626003265381 0.38096994161605835 1.8025302886962891 0 1/00067.png

46 0.72502774000167847 -0.33839693665504456 0.24659411609172821 0.54682129621505737 -0.68567073345184326 0.36102142930030823 1.8457423448562622 0 1/00053.png

47 0.80107420682907104 -0.30491819977760315 0.22298561036586761 0.46430861949920654 -0.62485367059707642 0.32162746787071228 1.8017946481704712 0 1/00064.png

48 0.75343841314315796 -0.33311906456947327 0.23855647444725037 0.51424998044967651 -0.67114412784576416 0.35621592402458191 1.8126294612884521 0 1/00058.png

49 0.83278149366378784 -0.31347852945327759 0.2041739821434021 0.40806776285171509 -0.49628591537475586 0.46956482529640198 1.8096351623535156 0 1/00077.png

50 0.82868510484695435 -0.29435229301452637 0.23276643455028534 0.41528001427650452 -0.49433115124702454 0.41928088665008545 1.8085654973983765 0 1/00070.png

51 0.82919734716415405 -0.29206877946853638 0.2353518158197403 0.41441184282302856 -0.51852226257324219 0.39848238229751587 1.8002924919128418 0 1/00068.png

52 0.82915312051773071 -0.30049622058868408 0.22401405870914459 0.41475874185562134 -0.50499659776687622 0.42438274621963501 1.8012866973876953 0 1/00071.png

53 0.82976990938186646 -0.30815646052360535 0.21815750002861023 0.41100943088531494 -0.5086023211479187 0.4484727680683136 1.7958769798278809 0 1/00073.png

54 0.83351033926010132 -0.31062176823616028 0.20326948165893555 0.40921410918235779 -0.49078625440597534 0.46784421801567078 1.8216485977172852 0 1/00078.png

55 0.82941734790802002 -0.31070199608802795 0.21879872679710388 0.40946084260940552 -0.49779540300369263 0.46343281865119934 1.799851655960083 0 1/00074.png

56 0.82761788368225098 -0.31162196397781372 0.21486029028892517 0.41445803642272949 -0.49298045039176941 0.46043962240219116 1.8061330318450928 0 1/00075.png

57 0.83763617277145386 -0.31002378463745117 0.18499024212360382 0.40991401672363281 -0.51764315366744995 0.43371850252151489 1.8285945653915405 0 1/00080.png

58 0.84370481967926025 -0.30486607551574707 0.1512344628572464 0.41514688730239868 -0.56599783897399902 0.37933355569839478 1.8130216598510742 0 1/00084.png

59 0.83992129564285278 -0.30021721124649048 0.160466268658638 0.42267301678657532 -0.54392540454864502 0.36622545123100281 1.8322839736938477 0 1/00083.png

60 0.83897930383682251 -0.30157715082168579 0.17559617757797241 0.41752967238426208 -0.52489334344863892 0.39020532369613647 1.8361033201217651 0 1/00081.png

61 0.84761184453964233 -0.31698903441429138 0.14425447583198547 0.40032815933227539 -0.60713279247283936 0.4304288923740387 1.7917007207870483 0 1/00086.png

62 0.86257874965667725 -0.35406783223152161 0.099220797419548035 0.34748950600624084 -0.76147747039794922 0.56951141357421875 1.6393584012985229 0 1/00090.png

63 0.8523297905921936 -0.32404926419258118 0.12720966339111328 0.39031237363815308 -0.66242098808288574 0.45377576351165771 1.7542144060134888 0 1/00087.png

64 0.8887220025062561 -0.32787099480628967 0.079676374793052673 0.31036335229873657 -0.69876086711883545 0.52532386779785156 1.5979682207107544 0 1/00094.png

65 0.85544192790985107 -0.33549904823303223 0.1217348501086235 0.37528666853904724 -0.68840241432189941 0.49770510196685791 1.7204856872558594 0 1/00088.png

66 0.89959621429443359 -0.31941485404968262 0.082587309181690216 0.28614687919616699 -0.65140289068222046 0.53069603443145752 1.5657542943954468 0 1/00096.png

67 0.87238162755966187 -0.34210297465324402 0.09384898841381073 0.33631578087806702 -0.73469436168670654 0.55729299783706665 1.6383705139160156 0 1/00091.png

68 0.90324044227600098 -0.31758728623390198 0.094932876527309418 0.27254867553710938 -0.57292139530181885 0.56229650974273682 1.5534733533859253 0 1/00097.png

69 0.90429127216339111 -0.31230700016021729 0.10454608500003815 0.27164623141288757 -0.53975117206573486 0.55463296175003052 1.556505560874939 0 1/00098.png

70 0.93718153238296509 -0.31980976462364197 0.023872269317507744 0.13726846873760223 -0.53380322456359863 0.62863987684249878 1.4358383417129517 0 1/00110.png

71 0.87894368171691895 -0.34279751777648926 0.091087006032466888 0.31882771849632263 -0.69876521825790405 0.56947588920593262 1.5978244543075562 0 1/00093.png

72 0.91430485248565674 -0.30924394726753235 0.091281875967979431 0.24511729180812836 -0.52228981256484985 0.55656999349594116 1.5034983158111572 0 1/00101.png

73 0.93525040149688721 -0.29586958885192871 0.053248941898345947 0.1869017630815506 -0.51303625106811523 0.53028184175491333 1.4642181396484375 0 1/00107.png

74 0.91274827718734741 -0.31040576100349426 0.094069726765155792 0.24837404489517212 -0.52320700883865356 0.56832647323608398 1.5109044313430786 0 1/00100.png

75 0.93175238370895386 -0.29965320229530334 0.060434665530920029 0.19594155251979828 -0.51254755258560181 0.53504341840744019 1.4639378786087036 0 1/00106.png

76 0.93495595455169678 -0.30792057514190674 0.041794490069150925 0.17115926742553711 -0.51831352710723877 0.57517141103744507 1.450931191444397 0 1/00108.png

77 0.93878597021102905 -0.31910976767539978 0.014970293268561363 0.12894049286842346 -0.53499162197113037 0.63524430990219116 1.4416446685791016 0 1/00111.png

78 0.91966629028320312 -0.3051334023475647 0.08221040666103363 0.23312857747077942 -0.51680934429168701 0.5437890887260437 1.4827598333358765 0 1/00103.png

79 0.92666548490524292 -0.29438403248786926 0.069483019411563873 0.22316189110279083 -0.51812338829040527 0.5063663125038147 1.4804239273071289 0 1/00104.png

80 0.93921881914138794 -0.33120787143707275 0.010033940896391869 0.089825995266437531 -0.43314611911773682 0.70890212059020996 1.4982868432998657 0 1/00118.png

81 0.93627822399139404 -0.33384659886360168 0.0093439854681491852 0.10882166773080826 -0.49410319328308105 0.69204080104827881 1.4553924798965454 0 1/00114.png

82 0.93790161609649658 -0.33387619256973267 0.0088333757594227791 0.093751288950443268 -0.46219736337661743 0.71473824977874756 1.471794605255127 0 1/00116.png

83 0.93621593713760376 -0.33265683054924011 0.013992549851536751 0.11244248598814011 -0.4958319365978241 0.68050062656402588 1.4464787244796753 0 1/00113.png

84 0.93718934059143066 -0.33508548140525818 0.011605169624090195 0.096224740147590637 -0.45102033019065857 0.71733367443084717 1.4897483587265015 0 1/00117.png

85 0.93735802173614502 -0.33588266372680664 4.0692295442568138e-05 0.092427581548690796 -0.42846617102622986 0.72686779499053955 1.5003612041473389 0 1/00120.png

86 0.93610095977783203 -0.34088084101676941 0.0019760085269808769 0.086667768657207489 -0.41829356551170349 0.7651403546333313 1.5005240440368652 0 1/00121.png

87 0.91490650177001953 -0.39848846197128296 -0.020921433344483376 0.060953028500080109 -0.37988102436065674 0.98108792304992676 1.400063157081604 0 1/00127.png

88 0.92878234386444092 -0.36205592751502991 -0.020205939188599586 0.07661931961774826 -0.44338506460189819 0.84906202554702759 1.4654688835144043 0 1/00124.png

89 0.91785889863967896 -0.3934796154499054 -0.0274842269718647 0.044196926057338715 -0.2904999852180481 0.9932093620300293 1.394161581993103 0 1/00133.png

90 0.91937977075576782 -0.38844677805900574 -0.013087970204651356 0.06065165251493454 -0.37808391451835632 0.94751620292663574 1.4276511669158936 0 1/00126.png

91 0.91157090663909912 -0.40852168202400208 -0.015939502045512199 0.043525706976652145 -0.15364311635494232 1.0626720190048218 1.3114670515060425 0 1/00137.png

92 0.91511976718902588 -0.39920175075531006 -0.028680881485342979 0.048693742603063583 -0.3596937358379364 1.0035586357116699 1.3978362083435059 0 1/00129.png

93 0.91299265623092651 -0.40477442741394043 -0.032829683274030685 0.039043139666318893 -0.32800000905990601 1.0200814008712769 1.3670603036880493 0 1/00131.png

94 0.87200051546096802 -0.48866119980812073 -0.027595741674304008 0.007986399345099926 -0.082979887723922729 1.2507679462432861 1.0106457471847534 0 1/00143.png

95 0.93042159080505371 -0.35780337452888489 -0.012481974437832832 0.078336857259273529 -0.4367196261882782 0.8147965669631958 1.4739465713500977 0 1/00123.png

96 0.91853612661361694 -0.39207243919372559 -0.02961324155330658 0.041154265403747559 -0.25999909639358521 1.001685619354248 1.3763155937194824 0 1/00134.png

97 0.88858860731124878 -0.45827215909957886 -0.0089864190667867661 0.017781073227524757 -0.070003092288970947 1.2139960527420044 1.1319593191146851 0 1/00141.png

98 0.91624695062637329 -0.39826992154121399 -0.023874836042523384 0.036090578883886337 -0.17887446284294128 1.0323294401168823 1.3563648462295532 0 1/00136.png

99 0.91337335109710693 -0.40332686901092529 -0.029255064204335213 0.047125428915023804 -0.35084071755409241 1.0079692602157593 1.3780827522277832 0 1/00130.png

100 0.90589869022369385 -0.42230337858200073 -0.0053137112408876419 0.031292613595724106 -0.080690473318099976 1.1135978698730469 1.2634462118148804 0 1/00139.png

101 0.86604797840118408 -0.49595499038696289 -0.00053459580522030592 0.063160747289657593 -0.019615620374679565 1.1979663372039795 0.89354652166366577 0 1/00149.png

102 0.87127870321273804 -0.48922759294509888 -0.021502671763300896 0.032669864594936371 -0.051547199487686157 1.2048646211624146 0.9542272686958313 0 1/00147.png

103 0.89934080839157104 -0.43677574396133423 -0.0029074482154101133 0.020114455372095108 -0.058382749557495117 1.1510016918182373 1.2096638679504395 0 1/00140.png

104 0.86886304616928101 -0.49355834722518921 -0.031473305076360703 0.022059250622987747 -0.083840876817703247 1.2291312217712402 0.96034979820251465 0 1/00146.png

105 0.86639928817749023 -0.49822765588760376 -0.031511671841144562 0.011330237612128258 -0.091162174940109253 1.2657479047775269 0.96393519639968872 0 1/00144.png

106 0.86854875087738037 -0.48884078860282898 0.0092964768409729004 0.081062592566013336 -0.011022448539733887 1.1855604648590088 0.9093320369720459 0 1/00150.png

107 0.86979365348815918 -0.48578879237174988 0.014958293177187443 0.085115186870098114 0.0027630329132080078 1.1691172122955322 0.89520055055618286 0 1/00151.png

108 0.86828911304473877 -0.4893319308757782 0.0013292542425915599 0.08140341192483902 0.0043265223503112793 1.1803728342056274 0.87186604738235474 0 1/00153.png

109 0.86544281244277954 -0.49678456783294678 0.019557973369956017 0.061897583305835724 0.12221246957778931 1.2185678482055664 0.81372040510177612 0 1/00157.png

110 0.87258708477020264 -0.48330068588256836 0.0049735913053154945 0.070622123777866364 0.023286432027816772 1.166579008102417 0.87287396192550659 0 1/00154.png

111 0.84911715984344482 -0.51327657699584961 0.10187532007694244 0.071893796324729919 0.42056095600128174 1.249922513961792 0.68429750204086304 0 1/00160.png

112 0.86468976736068726 -0.49751704931259155 0.0099910544231534004 0.068472549319267273 0.061416000127792358 1.1983182430267334 0.80658203363418579 0 1/00156.png

113 0.85098427534103394 -0.51255601644515991 0.08704683929681778 0.074396759271621704 0.34922713041305542 1.2534178495407104 0.70533782243728638 0 1/00159.png

114 0.84917104244232178 -0.50929045677185059 0.12184549123048782 0.068450786173343658 0.47935020923614502 1.2386624813079834 0.6772732138633728 0 1/00161.png

115 0.8505096435546875 -0.51655709743499756 0.09883415699005127 -0.0058189448900520802 0.53945696353912354 1.1575865745544434 0.66351735591888428 0 1/00164.png

116 0.848990797996521 -0.50468325614929199 0.049644600600004196 -0.14847499132156372 0.60400557518005371 1.0043841600418091 0.76708942651748657 0 1/00167.png

117 0.8543548583984375 -0.50370848178863525 0.066785566508769989 -0.10906462371349335 0.60168057680130005 1.0410596132278442 0.74523633718490601 0 1/00166.png

118 0.852988600730896 -0.5095183253288269 0.11216659843921661 0.014840473420917988 0.54381871223449707 1.1732082366943359 0.6659778356552124 0 1/00163.png

119 0.8385920524597168 -0.4757627546787262 0.020693894475698471 -0.2645467221736908 0.66741544008255005 0.82964468002319336 0.90106439590454102 0 1/00169.png

120 0.83434683084487915 -0.47504839301109314 0.015224202536046505 -0.27921810746192932 0.68039697408676147 0.79695272445678711 0.91453260183334351 0 1/00170.png

121 0.83175826072692871 -0.46349772810935974 0.0011074135545641184 -0.30552709102630615 0.69135433435440063 0.74178999662399292 0.96093261241912842 0 1/00173.png

122 0.8334699273109436 -0.45499151945114136 -0.020970100536942482 -0.3128432035446167 0.74871248006820679 0.73077023029327393 1.01889967918396 0 1/00177.png

123 0.83170723915100098 -0.45971697568893433 -0.0069470843300223351 -0.31124761700630188 0.69108051061630249 0.73403334617614746 0.97807371616363525 0 1/00174.png

124 0.83665663003921509 -0.44209152460098267 -0.0042921821586787701 -0.32333001494407654 0.88730341196060181 0.67748397588729858 1.0371676683425903 0 1/00182.png

125 0.83305078744888306 -0.45802479982376099 -0.019803259521722794 -0.30959263443946838 0.72413009405136108 0.7456517219543457 1.0075759887695312 0 1/00176.png

126 0.82205265760421753 -0.44301265478134155 0.012520397081971169 -0.35750865936279297 1.0599691867828369 0.64218968152999878 1.0158234834671021 0 1/00189.png

127 0.8329738974571228 -0.46792340278625488 0.010812096297740936 -0.29510194063186646 0.69778949022293091 0.76065891981124878 0.94023627042770386 0 1/00172.png

128 0.83807158470153809 -0.44786795973777771 -0.015211754478514194 -0.31115740537643433 0.79427093267440796 0.71270251274108887 1.0299568176269531 0 1/00179.png

129 0.83395355939865112 -0.44484910368919373 0.0042431005276739597 -0.32651600241661072 0.92731136083602905 0.66438210010528564 1.0243061780929565 0 1/00183.png

130 0.84058082103729248 -0.43854135274887085 -0.015949321910738945 -0.31757044792175293 0.83738821744918823 0.68986731767654419 1.0575165748596191 0 1/00180.png

131 0.83140814304351807 -0.4391404390335083 0.034702200442552567 -0.33869153261184692 1.0541925430297852 0.61120635271072388 1.0108705759048462 0 1/00186.png

132 0.81714910268783569 -0.43645283579826355 -0.0010428817477077246 -0.37653031945228577 1.0509231090545654 0.63554948568344116 1.0485355854034424 0 1/00190.png

133 0.82931464910507202 -0.44610190391540527 0.015989024192094803 -0.33611693978309631 0.98496502637863159 0.64150476455688477 1.0144782066345215 0 1/00184.png

134 0.82700091600418091 -0.443450927734375 0.038471564650535583 -0.34342503547668457 1.069969654083252 0.60575592517852783 0.98172718286514282 0 1/00187.png

135 0.79782891273498535 -0.40281516313552856 -0.065628610551357269 -0.44373616576194763 0.95854705572128296 0.60187041759490967 1.2019661664962769 0 1/00197.png

136 0.81076645851135254 -0.4314287006855011 -0.024310333654284477 -0.39488726854324341 1.0238614082336426 0.64008188247680664 1.0870821475982666 0 1/00192.png

137 0.81078410148620605 -0.41872179508209229 -0.03197169303894043 -0.40777304768562317 1.0047237873077393 0.62442141771316528 1.1340857744216919 0 1/00193.png

138 0.80284410715103149 -0.40565162897109985 -0.057581108063459396 -0.43309640884399414 0.962909996509552 0.60676461458206177 1.1868127584457397 0 1/00196.png

139 0.79841852188110352 -0.39832589030265808 -0.082117080688476562 -0.44398322701454163 0.9398995041847229 0.61901295185089111 1.223436713218689 0 1/00199.png

140 0.80080187320709229 -0.38722169399261475 -0.081238634884357452 -0.44963982701301575 0.94450336694717407 0.60576093196868896 1.2499164342880249 0 1/00200.png

141 0.79910624027252197 -0.38482731580734253 -0.096470043063163757 -0.45169758796691895 0.93602794408798218 0.62150847911834717 1.2601696252822876 0 1/00202.png

142 0.80292755365371704 -0.41248506307601929 -0.039396766573190689 -0.428498774766922 1.0007939338684082 0.5933225154876709 1.1603128910064697 0 1/00194.png

143 0.80572068691253662 -0.36653038859367371 -0.10905508697032928 -0.45230144262313843 0.9173087477684021 0.62435269355773926 1.2961307764053345 0 1/00205.png

144 0.79752516746520996 -0.38577082753181458 -0.10089755803346634 -0.45271861553192139 0.9393269419670105 0.62107473611831665 1.2556073665618896 0 1/00203.png

145 0.80313289165496826 -0.36266440153121948 -0.115585558116436 -0.45835790038108826 0.93199759721755981 0.6333235502243042 1.2951943874359131 0 1/00207.png

146 0.80480349063873291 -0.35964921116828918 -0.12318722158670425 -0.4558165967464447 0.96314126253128052 0.67140054702758789 1.2844821214675903 0 1/00210.png

147 0.80514615774154663 -0.36180534958839417 -0.11707412451505661 -0.45511558651924133 0.91521567106246948 0.62335783243179321 1.3068143129348755 0 1/00206.png

148 0.80527812242507935 -0.3620719313621521 -0.1163637563586235 -0.45485207438468933 0.961780846118927 0.65892875194549561 1.2807412147521973 0 1/00209.png

149 0.80820858478546143 -0.35866886377334595 -0.12478338927030563 -0.45009398460388184 0.98014324903488159 0.71896243095397949 1.2731167078018188 0 1/00213.png

150 0.80348747968673706 -0.37045243382453918 -0.12318535894155502 -0.44944214820861816 0.98144441843032837 0.71130329370498657 1.2453924417495728 0 1/00212.png

151 0.81214606761932373 -0.36249452829360962 -0.14048628509044647 -0.43506333231925964 0.9543500542640686 0.80763566493988037 1.2091159820556641 0 1/00222.png

152 0.8079182505607605 -0.36824968457221985 -0.12827393412590027 -0.44182133674621582 0.98854726552963257 0.76227682828903198 1.2345436811447144 0 1/00215.png

153 0.80599069595336914 -0.37162861227989197 -0.1342313289642334 -0.44074156880378723 0.98347312211990356 0.77974343299865723 1.2212983369827271 0 1/00216.png

154 0.81154054403305054 -0.36149314045906067 -0.1438012421131134 -0.43594264984130859 0.95664328336715698 0.7912946343421936 1.2427277565002441 0 1/00217.png

155 0.80412238836288452 -0.34245601296424866 -0.15899562835693359 -0.45916375517845154 0.83203703165054321 0.76804250478744507 1.2671951055526733 0 1/00230.png

156 0.79894340038299561 -0.34004804491996765 -0.16060006618499756 -0.46932318806648254 0.79813843965530396 0.73582905530929565 1.2759207487106323 0 1/00232.png

157 0.81582599878311157 -0.35130250453948975 -0.14166045188903809 -0.43697467446327209 0.95066839456558228 0.7840924859046936 1.2469387054443359 0 1/00220.png

158 0.81269240379333496 -0.35879054665565491 -0.14356540143489838 -0.43610703945159912 0.95567196607589722 0.79581141471862793 1.2334156036376953 0 1/00219.png

159 0.81379657983779907 -0.35724881291389465 -0.1430923193693161 -0.43546861410140991 0.93801718950271606 0.81416386365890503 1.2184461355209351 0 1/00223.png

160 0.81324553489685059 -0.34904128313064575 -0.16009323298931122 -0.43723228573799133 0.86659246683120728 0.83550792932510376 1.2480802536010742 0 1/00226.png

161 0.80961096286773682 -0.34932616353034973 -0.15858416259288788 -0.44424363970756531 0.86444944143295288 0.81483066082000732 1.2497005462646484 0 1/00227.png

162 0.8067399263381958 -0.34822550415992737 -0.16018900275230408 -0.44972115755081177 0.84265595674514771 0.79529702663421631 1.2495517730712891 0 1/00229.png

163 0.79312759637832642 -0.33667811751365662 -0.15895123779773712 -0.48200714588165283 0.79210203886032104 0.69081616401672363 1.2859948873519897 0 1/00233.png

164 0.78903681039810181 -0.32034006714820862 -0.16328412294387817 -0.49813807010650635 0.71756690740585327 0.6073533296585083 1.3155783414840698 0 1/00236.png

165 0.81326276063919067 -0.35059097409248352 -0.15629293024539948 -0.43733528256416321 0.88738638162612915 0.83172100782394409 1.2439225912094116 0 1/00225.png

166 0.79012352228164673 -0.32957226037979126 -0.16099531948566437 -0.49108800292015076 0.75025385618209839 0.64301073551177979 1.289293646812439 0 1/00235.png

167 0.78559684753417969 -0.31196382641792297 -0.14853687584400177 -0.51327663660049438 0.72551077604293823 0.54163664579391479 1.3334653377532959 0 1/00237.png

168 0.77681249380111694 -0.3049602210521698 -0.1340336799621582 -0.53441232442855835 0.73626261949539185 0.42911297082901001 1.3338485956192017 0 1/00240.png

169 0.77915859222412109 -0.29733753204345703 -0.12564009428024292 -0.53732383251190186 0.72292190790176392 0.38422363996505737 1.3414452075958252 0 1/00242.png

170 0.7818228006362915 -0.30501821637153625 -0.13644564151763916 -0.52640247344970703 0.73583465814590454 0.46379661560058594 1.3359571695327759 0 1/00239.png

171 0.82287061214447021 -0.24456401169300079 -0.11986827105283737 -0.49870237708091736 0.64661771059036255 0.23296439647674561 1.3875889778137207 0 1/00250.png

172 0.78882682323455811 -0.27824965119361877 -0.13054856657981873 -0.53224670886993408 0.67935973405838013 0.33207398653030396 1.3675568103790283 0 1/00245.png

173 0.7812235951423645 -0.29090049862861633 -0.13238810002803802 -0.5362275242805481 0.69885081052780151 0.37109681963920593 1.3525584936141968 0 1/00243.png

174 0.83860635757446289 -0.23583513498306274 -0.11090562492609024 -0.47835245728492737 0.65292221307754517 0.19510442018508911 1.3817756175994873 0 1/00252.png

175 0.80687260627746582 -0.25830519199371338 -0.12841469049453735 -0.51550430059432983 0.64635902643203735 0.27962508797645569 1.3805267810821533 0 1/00248.png

176 0.8757290244102478 -0.239012211561203 -0.098444461822509766 -0.40777510404586792 0.66266113519668579 0.22942888736724854 1.37281334400177 0 1/00258.png

177 0.81618738174438477 -0.25035485625267029 -0.12852145731449127 -0.50462150573730469 0.63743764162063599 0.26188313961029053 1.3858910799026489 0 1/00249.png

178 0.79601836204528809 -0.27424916625022888 -0.13083973526954651 -0.52347224950790405 0.66500717401504517 0.32472962141036987 1.3668080568313599 0 1/00246.png

179 0.85652738809585571 -0.23587210476398468 -0.10430491715669632 -0.44704094529151917 0.6587035059928894 0.19667446613311768 1.3729205131530762 0 1/00255.png

180 0.89811837673187256 -0.24524258077144623 -0.081856995820999146 -0.35572308301925659 0.62996619939804077 0.2227289080619812 1.3752443790435791 0 1/00265.png

181 0.84509974718093872 -0.23792369663715363 -0.10641099512577057 -0.46677124500274658 0.66269832849502563 0.19231122732162476 1.3711869716644287 0 1/00253.png

182 0.87835419178009033 -0.24629707634449005 -0.096993491053581238 -0.39802524447441101 0.67033129930496216 0.23956364393234253 1.3654000759124756 0 1/00259.png

183 0.89144855737686157 -0.24285799264907837 -0.084400355815887451 -0.37311682105064392 0.66665738821029663 0.22212693095207214 1.3659211397171021 0 1/00262.png

184 0.90507858991622925 -0.27273127436637878 -0.069966435432434082 -0.31867694854736328 0.62802928686141968 0.29208707809448242 1.3584588766098022 0 1/00269.png

185 0.89043611288070679 -0.24825726449489594 -0.08444589376449585 -0.37196871638298035 0.65575593709945679 0.22277173399925232 1.3675438165664673 0 1/00263.png

186 0.86103695631027222 -0.24288184940814972 -0.11115766316652298 -0.43274453282356262 0.64813405275344849 0.22414261102676392 1.3685998916625977 0 1/00256.png

187 0.8839106559753418 -0.24659396708011627 -0.09316166490316391 -0.38628250360488892 0.67078644037246704 0.24184912443161011 1.3634589910507202 0 1/00260.png

188 0.91044294834136963 -0.28364959359169006 -0.067367956042289734 -0.29342490434646606 0.59926217794418335 0.33699133992195129 1.3653186559677124 0 1/00272.png

189 0.91398030519485474 -0.29368528723716736 -0.070924095809459686 -0.27084806561470032 0.54408752918243408 0.37924760580062866 1.367018461227417 0 1/00276.png

190 0.90119171142578125 -0.26832878589630127 -0.07107052206993103 -0.33286952972412109 0.63791137933731079 0.27486643195152283 1.3637136220932007 0 1/00268.png

191 0.89622807502746582 -0.25876340270042419 -0.075716614723205566 -0.35225537419319153 0.63937324285507202 0.24062132835388184 1.363370418548584 0 1/00266.png

192 0.90482276678085327 -0.27932590246200562 -0.069215871393680573 -0.31381827592849731 0.62324553728103638 0.31163361668586731 1.3600783348083496 0 1/00270.png

193 0.91018766164779663 -0.28627750277519226 -0.074333623051643372 -0.28996226191520691 0.57809454202651978 0.34703996777534485 1.3667864799499512 0 1/00273.png

194 0.91272121667861938 -0.28992551565170288 -0.068961739540100098 -0.2795129120349884 0.55914855003356934 0.36858963966369629 1.37396240234375 0 1/00275.png

195 0.91559129953384399 -0.3042682409286499 -0.058274980634450912 -0.25635415315628052 0.53341162204742432 0.40639674663543701 1.3527814149856567 0 1/00279.png

196 0.9116288423538208 -0.31563979387283325 -0.059978023171424866 -0.25633379817008972 0.51928424835205078 0.42067140340805054 1.33643639087677 0 1/00280.png

197 0.91325688362121582 -0.30898651480674744 -0.058557823300361633 -0.25895985960960388 0.54814940690994263 0.40961629152297974 1.3444089889526367 0 1/00278.png

198 0.91461431980133057 -0.31193661689758301 -0.066555522382259369 -0.24848838150501251 0.43802082538604736 0.43733060359954834 1.3553673028945923 0 1/00283.png

199 0.91432183980941772 -0.31084460020065308 -0.061824958771467209 -0.25212889909744263 0.46516728401184082 0.42663556337356567 1.3466236591339111 0 1/00282.png

200 0.9150117039680481 -0.31321007013320923 -0.062695473432540894 -0.2464190274477005 0.41388899087905884 0.44718539714813232 1.3567858934402466 0 1/00285.png

201 0.91040307283401489 -0.32531610131263733 -0.06609576940536499 -0.2469150573015213 0.3982054591178894 0.48095405101776123 1.3502277135848999 0 1/00286.png

202 0.91304653882980347 -0.32601043581962585 -0.062642559409141541 -0.2369370311498642 0.36114388704299927 0.50317281484603882 1.3579682111740112 0 1/00288.png

203 0.910908043384552 -0.33400541543960571 -0.066255636513233185 -0.23301751911640167 0.3347393274307251 0.53912174701690674 1.3537540435791016 0 1/00289.png

204 0.91378092765808105 -0.33576804399490356 -0.07576877623796463 -0.21569275856018066 0.27172112464904785 0.58695441484451294 1.3773602247238159 0 1/00291.png

205 0.91834670305252075 -0.34529775381088257 -0.079509839415550232 -0.17631468176841736 0.16843962669372559 0.7018047571182251 1.4180501699447632 0 1/00296.png

206 0.91664260625839233 -0.34729665517807007 -0.072713971138000488 -0.18402189016342163 0.19334924221038818 0.67859727144241333 1.3963255882263184 0 1/00295.png

207 0.9139409065246582 -0.34356528520584106 -0.081290483474731445 -0.2001667320728302 0.21450018882751465 0.64304739236831665 1.3850828409194946 0 1/00293.png

208 0.9143328070640564 -0.3410506546497345 -0.076492652297019958 -0.20452094078063965 0.24188840389251709 0.61875957250595093 1.3740905523300171 0 1/00292.png

209 0.91858035326004028 -0.35169187188148499 -0.078203558921813965 -0.16250297427177429 0.13726979494094849 0.74088984727859497 1.4229339361190796 0 1/00298.png

210 0.91710209846496582 -0.35920214653015137 -0.083631962537765503 -0.15133790671825409 0.10501766204833984 0.77287900447845459 1.4190267324447632 0 1/00299.png

211 0.91465896368026733 -0.40300968289375305 -0.011395945213735104 -0.029192907735705376 0.094385445117950439 1.0331213474273682 1.4934827089309692 0 1/00313.png

212 0.91327160596847534 -0.39141249656677246 -0.032436463981866837 -0.10806985199451447 0.21486663818359375 0.90790188312530518 1.4310569763183594 0 1/00305.png

213 0.91256672143936157 -0.38277608156204224 -0.064588122069835663 -0.1285797655582428 0.14027470350265503 0.88454163074493408 1.4280787706375122 0 1/00303.png

214 0.90691971778869629 -0.41961255669593811 -0.033540450036525726 -0.017231719568371773 -0.028360337018966675 1.1107950210571289 1.475900411605835 0 1/00315.png

215 0.91133224964141846 -0.40458622574806213 -0.010964283719658852 -0.075254149734973907 0.22362661361694336 0.96635544300079346 1.4244740009307861 0 1/00308.png

216 0.91252225637435913 -0.39703112840652466 -0.022472428157925606 -0.095730893313884735 0.22910773754119873 0.92143040895462036 1.4234453439712524 0 1/00306.png

217 0.91784125566482544 -0.36191350221633911 -0.078385874629020691 -0.14297470450401306 0.10101529955863953 0.81325697898864746 1.4402621984481812 0 1/00301.png

218 0.88527154922485352 -0.45866268873214722 -0.075795263051986694 0.013335254043340683 -0.24222646653652191 1.2747378349304199 1.3726527690887451 0 1/00318.png

219 0.91317731142044067 -0.37710246443748474 -0.072223201394081116 -0.13669198751449585 0.11906856298446655 0.85578590631484985 1.4218697547912598 0 1/00302.png

220 0.90909111499786377 -0.41324892640113831 -0.012777375057339668 -0.051140565425157547 0.15625345706939697 1.0179113149642944 1.4348938465118408 0 1/00311.png

221 0.91198611259460449 -0.40501633286476135 -0.013199280947446823 -0.06378830224275589 0.1913306713104248 0.98209989070892334 1.4369447231292725 0 1/00309.png

222 0.91046488285064697 -0.41147962212562561 -0.013876890763640404 -0.039315801113843918 0.1212615966796875 1.0300277471542358 1.4573726654052734 0 1/00312.png

223 0.86715543270111084 -0.48850721120834351 -0.071163609623908997 0.065862700343132019 -0.31039857864379883 1.3570594787597656 1.2878665924072266 0 1/00321.png

224 0.90212762355804443 -0.42872649431228638 -0.047371197491884232 -0.010739278048276901 -0.10161322355270386 1.1529690027236938 1.4588786363601685 0 1/00316.png

225 0.87977445125579834 -0.46784815192222595 -0.079910680651664734 0.02700783871114254 -0.2804226279258728 1.3079768419265747 1.3544954061508179 0 1/00319.png

226 0.8650505542755127 -0.4895336925983429 -0.065434917807579041 0.088105842471122742 -0.31070074439048767 1.3676919937133789 1.2978315353393555 0 1/00322.png

227 0.86433291435241699 -0.48513361811637878 -0.056086361408233643 0.12011738121509552 -0.33901572227478027 1.3520214557647705 1.3131346702575684 0 1/00323.png

228 0.83359098434448242 -0.49481824040412903 -0.060989644378423691 0.23782619833946228 -0.58014768362045288 1.2730768918991089 1.2198680639266968 0 1/00329.png

229 0.83973008394241333 -0.49775508046150208 -0.064375422894954681 0.20724166929721832 -0.54646766185760498 1.3356711864471436 1.2029879093170166 0 1/00328.png

230 0.85155284404754639 -0.48881921172142029 -0.060794588178396225 0.17949265241622925 -0.47553884983062744 1.3528642654418945 1.2690931558609009 0 1/00326.png

231 0.85697925090789795 -0.42091837525367737 -0.04028698056936264 0.29460343718528748 -0.54492831230163574 0.99787890911102295 1.3634425401687622 0 1/00334.png

232 0.8441622257232666 -0.46261000633239746 -0.060527347028255463 0.26404282450675964 -0.57051777839660645 1.1385688781738281 1.2875504493713379 0 1/00331.png

233 0.86001116037368774 -0.48253390192985535 -0.05474931001663208 0.15666645765304565 -0.40518084168434143 1.3557543754577637 1.3002694845199585 0 1/00325.png

234 0.86088377237319946 -0.41991418600082397 -0.028051014989614487 0.2859446108341217 -0.50039160251617432 0.98894524574279785 1.3542212247848511 0 1/00335.png

235 0.87471127510070801 -0.3952052891254425 0.0351056307554245 0.27831733226776123 -0.33251523971557617 0.97366583347320557 1.4045608043670654 0 1/00338.png

236 0.87777835130691528 -0.38834297657012939 0.087110631167888641 0.26665833592414856 -0.22288413345813751 0.96811270713806152 1.4269994497299194 0 1/00341.png

237 0.86996054649353027 -0.40270179510116577 -0.0085907410830259323 0.28447502851486206 -0.44747656583786011 0.96894252300262451 1.3987522125244141 0 1/00336.png

238 0.84889030456542969 -0.44585350155830383 -0.052657362073659897 0.27897518873214722 -0.56795889139175415 1.0893902778625488 1.3226745128631592 0 1/00332.png

239 0.84278988838195801 -0.45454436540603638 0.19793839752674103 0.209559366106987 -0.24859613180160522 1.0449659824371338 1.3407959938049316 0 1/00355.png

240 0.86565792560577393 -0.40493503212928772 0.16988115012645721 0.24042533338069916 -0.12293195724487305 1.0033702850341797 1.412946343421936 0 1/00348.png

241 0.87641668319702148 -0.38790220022201538 0.097781136631965637 0.26807552576065063 -0.20968049764633179 0.9614139199256897 1.4206116199493408 0 1/00342.png

242 0.87500333786010742 -0.39039042592048645 0.12371973693370819 0.25818207859992981 -0.17713233828544617 0.97991406917572021 1.4283325672149658 0 1/00344.png

243 0.87362593412399292 -0.3964398205280304 0.049661532044410706 0.27775368094444275 -0.30246910452842712 0.9770241379737854 1.4020383358001709 0 1/00339.png

244 0.8520476222038269 -0.42517736554145813 0.20181752741336823 0.22914786636829376 -0.12133249640464783 1.0275537967681885 1.3757061958312988 0 1/00351.png

245 0.87075686454772949 -0.39498138427734375 0.14558754861354828 0.25411891937255859 -0.14568687975406647 0.98349404335021973 1.4283013343811035 0 1/00346.png

246 0.85038876533508301 -0.43848001956939697 0.20353519916534424 0.20772005617618561 -0.19113299250602722 1.0353657007217407 1.36574387550354 0 1/00354.png

247 0.8720279335975647 -0.39504531025886536 0.13886673748493195 0.25342172384262085 -0.16080214083194733 0.98438048362731934 1.4192842245101929 0 1/00345.png

248 0.8521735668182373 -0.42812761664390564 0.20638388395309448 0.21888954937458038 -0.12010130286216736 1.0404150485992432 1.3820836544036865 0 1/00352.png

249 0.8626517653465271 -0.40953776240348816 0.1830071359872818 0.23370738327503204 -0.11040017008781433 1.0114431381225586 1.4075736999511719 0 1/00349.png

250 0.8392825722694397 -0.46233639121055603 0.19655309617519379 0.20788617432117462 -0.28522723913192749 1.0427320003509521 1.3299915790557861 0 1/00356.png

251 0.83824479579925537 -0.46624717116355896 0.19482509791851044 0.20494477450847626 -0.32654619216918945 1.0100804567337036 1.3423852920532227 0 1/00358.png

252 0.84064298868179321 -0.46035000681877136 0.19578728079795837 0.20751993358135223 -0.33388283848762512 0.97919362783432007 1.3708972930908203 0 1/00359.png

253 0.84354501962661743 -0.44074839353561401 0.21527518332004547 0.21869899332523346 -0.30567878484725952 0.87979775667190552 1.4626891613006592 0 1/00362.png

254 0.84274882078170776 -0.44766923785209656 0.20721033215522766 0.21547751128673553 -0.32463639974594116 0.91627895832061768 1.4316370487213135 0 1/00361.png

255 0.84624296426773071 -0.43141254782676697 0.19839845597743988 0.24164885282516479 -0.37716636061668396 0.79500532150268555 1.5497148036956787 0 1/00365.png

256 0.84411531686782837 -0.43637466430664062 0.18649587035179138 0.24953122437000275 -0.43973013758659363 0.77010756731033325 1.5579577684402466 0 1/00366.png

257 0.84572947025299072 -0.43711608648300171 0.17420569062232971 0.25164178013801575 -0.51221978664398193 0.73707401752471924 1.5767264366149902 0 1/00368.png

258 0.83912599086761475 -0.43240973353385925 0.16229215264320374 0.28731638193130493 -0.70216357707977295 0.57469391822814941 1.6942360401153564 0 1/00377.png

259 0.84185022115707397 -0.43761140108108521 0.17732085287570953 0.26142269372940063 -0.52059966325759888 0.73309993743896484 1.6049866676330566 0 1/00369.png

260 0.84248155355453491 -0.43049567937850952 0.18352970480918884 0.26686173677444458 -0.52297574281692505 0.69653207063674927 1.6503051519393921 0 1/00371.png

261 0.84560489654541016 -0.4301401674747467 0.20886193215847015 0.23729404807090759 -0.33017435669898987 0.8088221549987793 1.5308873653411865 0 1/00364.png

262 0.84434062242507935 -0.41966956853866577 0.15965545177459717 0.29236376285552979 -0.71362793445587158 0.53233504295349121 1.7261382341384888 0 1/00378.png

263 0.84357231855392456 -0.43290179967880249 0.1763908863067627 0.26432543992996216 -0.55733919143676758 0.68522745370864868 1.6506302356719971 0 1/00372.png

264 0.84734630584716797 -0.42198711633682251 0.17140144109725952 0.27304351329803467 -0.60767769813537598 0.61373776197433472 1.6923356056213379 0 1/00374.png

265 0.83136361837387085 -0.42399927973747253 0.16544345021247864 0.31888493895530701 -0.75650697946548462 0.49147295951843262 1.7663824558258057 0 1/00382.png

266 0.84646928310394287 -0.4218381941318512 0.16832810640335083 0.2778632640838623 -0.64102363586425781 0.59098303318023682 1.6920607089996338 0 1/00375.png

267 0.81617558002471924 -0.41632559895515442 0.20117507874965668 0.34649524092674255 -0.6725621223449707 0.48240038752555847 1.8726193904876709 0 1/00387.png

268 0.83778202533721924 -0.42716428637504578 0.15361949801445007 0.30340230464935303 -0.75215846300125122 0.52075111865997314 1.7190442085266113 0 1/00379.png

269 0.83332258462905884 -0.4260973334312439 0.15958939492702484 0.31391990184783936 -0.76430851221084595 0.49929043650627136 1.7540384531021118 0 1/00381.png

270 0.81305867433547974 -0.41480088233947754 0.20147973299026489 0.3553614616394043 -0.69307851791381836 0.4527009129524231 1.8953093290328979 0 1/00389.png

271 0.79781526327133179 -0.42141634225845337 0.20364746451377869 0.38003525137901306 -0.70773613452911377 0.41964763402938843 1.9159679412841797 0 1/00392.png

272 0.79287910461425781 -0.41797968745231628 0.20739121735095978 0.39194974303245544 -0.69365626573562622 0.40243399143218994 1.9525043964385986 0 1/00394.png

273 0.81403172016143799 -0.41719841957092285 0.2006155401468277 0.35078665614128113 -0.68440282344818115 0.47245895862579346 1.8835097551345825 0 1/00388.png

274 0.81645107269287109 -0.42590966820716858 0.19966539740562439 0.33487647771835327 -0.67071652412414551 0.50951540470123291 1.8206560611724854 0 1/00385.png

275 0.78723627328872681 -0.4180983304977417 0.21431510150432587 0.39940184354782104 -0.68093585968017578 0.40052664279937744 1.9689409732818604 0 1/00395.png

276 0.82246458530426025 -0.42076599597930908 0.19001765549182892 0.33226683735847473 -0.6883852481842041 0.49872681498527527 1.819767951965332 0 1/00384.png

277 0.8045770525932312 -0.41818404197692871 0.1980951726436615 0.37220442295074463 -0.71368438005447388 0.42257905006408691 1.9099900722503662 0 1/00391.png

278 0.77081191539764404 -0.39278173446655273 0.23707954585552216 0.4420008659362793 -0.58033722639083862 0.28546103835105896 2.1105291843414307 0 1/00401.png

279 0.77971452474594116 -0.41400521993637085 0.21922102570533752 0.41543611884117126 -0.66070646047592163 0.36646229028701782 2.0133669376373291 0 1/00397.png

280 0.78050953149795532 -0.40643176436424255 0.22236539423465729 0.41972815990447998 -0.63854801654815674 0.33826553821563721 2.0364229679107666 0 1/00398.png

281 0.77676355838775635 -0.40431705117225647 0.22457562386989594 0.42747148871421814 -0.6289445161819458 0.32074978947639465 2.0525767803192139 0 1/00399.png

282 0.77187937498092651 -0.38942474126815796 0.2316773533821106 0.44595551490783691 -0.60199624300003052 0.2452830970287323 2.133824348449707 0 1/00404.png

283 0.75893664360046387 -0.39668801426887512 0.2507365345954895 0.45142555236816406 -0.58222371339797974 0.30698469281196594 2.1427791118621826 0 1/00407.png

284 0.770649254322052 -0.39209878444671631 0.23375016450881958 0.44465607404708862 -0.58463805913925171 0.25760146975517273 2.1120631694793701 0 1/00402.png

285 0.76852697134017944 -0.3905196487903595 0.23996664583683014 0.44640424847602844 -0.59031176567077637 0.26367625594139099 2.1288211345672607 0 1/00405.png

286 0.74738597869873047 -0.4110720157623291 0.25774642825126648 0.45387312769889832 -0.61471354961395264 0.39155805110931396 2.1063385009765625 0 1/00411.png

287 0.74928539991378784 -0.40176695585250854 0.25905385613441467 0.45830744504928589 -0.59674710035324097 0.35909050703048706 2.1408953666687012 0 1/00410.png

288 0.73075342178344727 -0.41252779960632324 0.28377723693847656 0.4639943540096283 -0.56946688890457153 0.47585186362266541 2.1018996238708496 0 1/00414.png

289 0.72398954629898071 -0.41101765632629395 0.28901553153991699 0.47262418270111084 -0.58812606334686279 0.50613588094711304 2.0858683586120605 0 1/00417.png

290 0.75726169347763062 -0.39757820963859558 0.2510826587677002 0.45325902104377747 -0.59032589197158813 0.31906512379646301 2.1407854557037354 0 1/00408.png

291 0.74012643098831177 -0.41034874320030212 0.26942548155784607 0.45960485935211182 -0.6017264723777771 0.42635148763656616 2.1148769855499268 0 1/00412.png

292 0.71566474437713623 -0.41255071759223938 0.29726234078407288 0.47881206870079041 -0.6046367883682251 0.54488426446914673 2.0516314506530762 0 1/00420.png

293 0.72655463218688965 -0.41622593998908997 0.28888857364654541 0.46413111686706543 -0.57023841142654419 0.51201003789901733 2.0884616374969482 0 1/00415.png

294 0.71464377641677856 -0.40968826413154602 0.29808223247528076 0.48227253556251526 -0.6685793399810791 0.56933194398880005 2.0128240585327148 0 1/00424.png

295 0.71162658929824829 -0.41116544604301453 0.29841598868370056 0.48526114225387573 -0.62841689586639404 0.55146896839141846 2.0374207496643066 0 1/00422.png

296 0.71801537275314331 -0.41917130351066589 0.29426196217536926 0.47133767604827881 -0.5982975959777832 0.54166221618652344 2.0522990226745605 0 1/00418.png

297 0.72527033090591431 -0.40232536196708679 0.28853997588157654 0.47839513421058655 -0.81162893772125244 0.64755678176879883 1.95676589012146 0 1/00432.png

298 0.70784121751785278 -0.41730737686157227 0.30052816867828369 0.48425009846687317 -0.61562657356262207 0.55653285980224609 2.0328593254089355 0 1/00421.png

299 0.72676932811737061 -0.39705386757850647 0.28698134422302246 0.48145219683647156 -0.79654896259307861 0.62436330318450928 1.9850015640258789 0 1/00431.png

300 0.71519052982330322 -0.40814048051834106 0.29558348655700684 0.4843081533908844 -0.69336020946502686 0.57028847932815552 2.0072379112243652 0 1/00425.png

301 0.72412264347076416 -0.40305835008621216 0.29377955198287964 0.47632333636283875 -0.77622675895690918 0.63927876949310303 1.9755740165710449 0 1/00430.png

302 0.71822160482406616 -0.41320213675498962 0.29698607325553894 0.47457447648048401 -0.74313259124755859 0.62822306156158447 1.9728831052780151 0 1/00427.png

303 0.72101175785064697 -0.40003699064254761 0.27930968999862671 0.49203509092330933 -0.84325414896011353 0.65467000007629395 1.9671531915664673 0 1/00435.png

304 0.71815997362136841 -0.41119620203971863 0.29279887676239014 0.47899129986763 -0.76285934448242188 0.6182827353477478 1.976195216178894 0 1/00428.png

305 0.71110630035400391 -0.40506437420845032 0.28075316548347473 0.50142621994018555 -0.84736979007720947 0.64154583215713501 1.974859356880188 0 1/00434.png

306 0.7088160514831543 -0.39989599585533142 0.28996488451957703 0.50357049703598022 -0.80546855926513672 0.7260468602180481 1.9700257778167725 0 1/00438.png

307 0.71450459957122803 -0.39878854155540466 0.2848980724811554 0.49928340315818787 -0.81967031955718994 0.69830071926116943 1.9693317413330078 0 1/00437.png

308 0.70183080434799194 -0.40363457798957825 0.29852482676506042 0.50536680221557617 -0.79362320899963379 0.77753281593322754 1.9517849683761597 0 1/00440.png

309 0.70580053329467773 -0.40494388341903687 0.27908787131309509 0.50987857580184937 -0.87874245643615723 0.77489954233169556 1.924945592880249 0 1/00445.png

310 0.69297224283218384 -0.40625998377799988 0.29511141777038574 0.51735061407089233 -0.80947744846343994 0.78989708423614502 1.9558407068252563 0 1/00441.png

311 0.72597271203994751 -0.35136908292770386 0.22585102915763855 0.54634660482406616 -0.91691255569458008 0.43017742037773132 1.9857808351516724 0 1/00450.png

312 0.69957554340362549 -0.41164901852607727 0.28538134694099426 0.50960427522659302 -0.86692607402801514 0.79716432094573975 1.9159858226776123 0 1/00444.png

313 0.69508761167526245 -0.40893328189849854 0.29230719804763794 0.51398760080337524 -0.82484447956085205 0.80127918720245361 1.9441930055618286 0 1/00442.png

314 0.73180711269378662 -0.34274548292160034 0.21167665719985962 0.54970616102218628 -0.94903701543807983 0.37198305130004883 1.981727123260498 0 1/00451.png

315 0.73428547382354736 -0.33422154188156128 0.18799029290676117 0.56016111373901367 -1.0127909183502197 0.26930293440818787 1.9369156360626221 0 1/00454.png

316 0.72165334224700928 -0.36865308880805969 0.25064468383789062 0.52961170673370361 -0.87967038154602051 0.5718504786491394 1.9772301912307739 0 1/00448.png

317 0.71967858076095581 -0.3811030387878418 0.25766211748123169 0.52003204822540283 -0.884601891040802 0.63204574584960938 1.9583313465118408 0 1/00447.png

318 0.74003297090530396 -0.331247478723526 0.1796441376209259 0.5570945143699646 -1.0333874225616455 0.2486761212348938 1.9176018238067627 0 1/00455.png

319 0.73500722646713257 -0.34095868468284607 0.19557896256446838 0.55250388383865356 -1.0044156312942505 0.31135925650596619 1.9393399953842163 0 1/00453.png

320 0.74277746677398682 -0.33627676963806152 0.1298648864030838 0.56421148777008057 -1.1929341554641724 0.093958377838134766 1.7730180025100708 0 1/00460.png

321 0.7429165244102478 -0.33713215589523315 0.12296506017446518 0.56506335735321045 -1.2083966732025146 0.073921144008636475 1.7467803955078125 0 1/00461.png

322 0.7468302845954895 -0.32489567995071411 0.1258360743522644 0.56643855571746826 -1.1846120357513428 0.038746893405914307 1.7476837635040283 0 1/00463.png

323 0.74015593528747559 -0.3263218104839325 0.16618411242961884 0.56397348642349243 -1.0633162260055542 0.1778072714805603 1.8849098682403564 0 1/00457.png

324 0.74405539035797119 -0.32867199182510376 0.15781694650650024 0.55986618995666504 -1.1065647602081299 0.16450855135917664 1.8514474630355835 0 1/00458.png

325 0.74984163045883179 -0.3194459080696106 0.12302105873823166 0.56617814302444458 -1.1770615577697754 0.010321438312530518 1.7348178625106812 0 1/00464.png

326 0.75157952308654785 -0.30928048491477966 0.12036116421222687 0.57007628679275513 -1.1671345233917236 -0.032531142234802246 1.7309526205062866 0 1/00465.png

327 0.76236903667449951 -0.3046104907989502 0.10864943265914917 0.56053650379180908 -1.1861374378204346 -0.079305946826934814 1.6590499877929688 0 1/00468.png

328 0.76953214406967163 -0.29386734962463379 0.10740023106336594 0.55671125650405884 -1.1718977689743042 -0.11351984739303589 1.6342563629150391 0 1/00470.png

329 0.77252024412155151 -0.29057857394218445 0.10599468648433685 0.55456441640853882 -1.1585204601287842 -0.12600171566009521 1.6200978755950928 0 1/00471.png

330 0.75874978303909302 -0.30912443995475769 0.11051107943058014 0.56260824203491211 -1.1837124824523926 -0.062497615814208984 1.6737242937088013 0 1/00467.png

331 0.7857062816619873 -0.26520022749900818 0.10482963174581528 0.54894930124282837 -0.99020546674728394 -0.22530418634414673 1.5483196973800659 0 1/00480.png

332 0.78238439559936523 -0.26966610550880432 0.10997021943330765 0.55051004886627197 -1.0370264053344727 -0.19057917594909668 1.5742489099502563 0 1/00477.png

333 0.78171831369400024 -0.27305373549461365 0.10093188285827637 0.55151689052581787 -1.1058448553085327 -0.17938083410263062 1.5881786346435547 0 1/00474.png

334 0.78239905834197998 -0.27573108673095703 0.099460721015930176 0.54948306083679199 -1.0920138359069824 -0.18133562803268433 1.5708088874816895 0 1/00475.png

335 0.79597020149230957 -0.25414502620697021 0.099137432873249054 0.5403827428817749 -0.93900507688522339 -0.2527497410774231 1.5280394554138184 0 1/00483.png

336 0.77598518133163452 -0.27506491541862488 0.10444284975528717 0.5579228401184082 -1.1156429052352905 -0.17580664157867432 1.6090378761291504 0 1/00473.png

337 0.7869529128074646 -0.26666411757469177 0.10253918915987015 0.54688304662704468 -1.0291928052902222 -0.20636647939682007 1.5561249256134033 0 1/00478.png

338 0.79072302579879761 -0.2594228982925415 0.10040301829576492 0.5453220009803772 -0.9745367169380188 -0.23912423849105835 1.5368244647979736 0 1/00481.png

339 0.80009102821350098 -0.25174382328987122 0.10181122273206711 0.53489625453948975 -0.92031508684158325 -0.25203293561935425 1.5236822366714478 0 1/00484.png

340 0.80416315793991089 -0.24165096879005432 0.093614339828491211 0.5349419116973877 -0.90744346380233765 -0.28509962558746338 1.5152894258499146 0 1/00485.png

341 0.80874043703079224 -0.23502764105796814 0.09644819051027298 0.53047025203704834 -0.86289876699447632 -0.300853431224823 1.5079822540283203 0 1/00487.png

342 0.81073242425918579 -0.2303100973367691 0.09373357892036438 0.52998507022857666 -0.8055344820022583 -0.32053619623184204 1.4965965747833252 0 1/00490.png

343 0.81215226650238037 -0.22748979926109314 0.099176935851573944 0.52803504467010498 -0.7803846001625061 -0.3134194016456604 1.5042033195495605 0 1/00491.png

344 0.81323432922363281 -0.22429212927818298 0.095865070819854736 0.52834910154342651 -0.83755534887313843 -0.31820720434188843 1.508497953414917 0 1/00488.png

345 0.81770604848861694 -0.21863637864589691 0.10081013292074203 0.52286922931671143 -0.73442745208740234 -0.31917548179626465 1.5028995275497437 0 1/00494.png

346 0.82009351253509521 -0.22246864438056946 0.099897719919681549 0.51766276359558105 -0.71858704090118408 -0.31048709154129028 1.4898451566696167 0 1/00496.png

347 0.82487952709197998 -0.21507366001605988 0.096278801560401917 0.5138554573059082 -0.70820921659469604 -0.32094383239746094 1.4824950695037842 0 1/00497.png

348 0.83332955837249756 -0.21479912102222443 0.096198119223117828 0.50016921758651733 -0.69937336444854736 -0.30093252658843994 1.4675643444061279 0 1/00500.png

349 0.81414192914962769 -0.22324737906455994 0.098402947187423706 0.52692550420761108 -0.75040030479431152 -0.32165789604187012 1.5005612373352051 0 1/00493.png

350 0.82433068752288818 -0.21372014284133911 0.10048071295022964 0.51449602842330933 -0.68895614147186279 -0.31681615114212036 1.4856142997741699 0 1/00498.png

351 0.83433091640472412 -0.21865053474903107 0.10378755629062653 0.49528980255126953 -0.66687333583831787 -0.25745755434036255 1.4773459434509277 0 1/00503.png

352 0.83474135398864746 -0.22124782204627991 0.1075628399848938 0.4926321804523468 -0.65246278047561646 -0.23636192083358765 1.479055643081665 0 1/00504.png

353 0.83286327123641968 -0.2355029284954071 0.11985433101654053 0.48632502555847168 -0.6311415433883667 -0.16486155986785889 1.4911981821060181 0 1/00506.png

354 0.83420276641845703 -0.21538415551185608 0.094789266586303711 0.49872875213623047 -0.69397777318954468 -0.2929764986038208 1.4638581275939941 0 1/00501.png

355 0.83514559268951416 -0.24522371590137482 0.1227497011423111 0.47679102420806885 -0.63333278894424438 -0.10464990139007568 1.4931061267852783 0 1/00508.png

356 0.83720922470092773 -0.25648331642150879 0.13388122618198395 0.46408280730247498 -0.61900228261947632 -0.034292459487915039 1.4993840456008911 0 1/00510.png

357 0.84492456912994385 -0.26380056142807007 0.13268654048442841 0.44598874449729919 -0.62025749683380127 0.019501388072967529 1.4909467697143555 0 1/00514.png

358 0.8514639139175415 -0.27318763732910156 0.12549270689487457 0.42968520522117615 -0.65003824234008789 0.05863654613494873 1.4743322134017944 0 1/00517.png

359 0.83601748943328857 -0.25948911905288696 0.13391801714897156 0.46454927325248718 -0.61607456207275391 -0.021364808082580566 1.5022943019866943 0 1/00511.png

360 0.84960895776748657 -0.27429521083831787 0.13310970366001129 0.43035870790481567 -0.63306033611297607 0.067283511161804199 1.4781248569488525 0 1/00516.png

361 0.84646761417388916 -0.26439583301544189 0.13079586625099182 0.44326043128967285 -0.62962561845779419 0.019855380058288574 1.4877276420593262 0 1/00513.png

362 0.83331292867660522 -0.2448565661907196 0.11972218006849289 0.48093807697296143 -0.6383776068687439 -0.12965655326843262 1.4862065315246582 0 1/00507.png

363 0.8557887077331543 -0.28049063682556152 0.12634623050689697 0.41591748595237732 -0.6526954174041748 0.10136580467224121 1.4682233333587646 0 1/00520.png

364 0.86250197887420654 -0.27887934446334839 0.12968558073043823 0.40186861157417297 -0.64100182056427002 0.12464475631713867 1.4729379415512085 0 1/00523.png

365 0.85586667060852051 -0.2776610255241394 0.12142259627580643 0.41911002993583679 -0.66669261455535889 0.080615818500518799 1.4599930047988892 0 1/00518.png

366 0.86110585927963257 -0.27655714750289917 0.1266961544752121 0.40738290548324585 -0.64776062965393066 0.110187828540802 1.4690964221954346 0 1/00521.png

367 0.86437582969665527 -0.28069984912872314 0.12683047354221344 0.39746201038360596 -0.65030848979949951 0.13044387102127075 1.4685286283493042 0 1/00524.png

368 0.86893802881240845 -0.28443935513496399 0.11744882166385651 0.38761675357818604 -0.67513155937194824 0.14311093091964722 1.456508994102478 0 1/00526.png

369 0.87320691347122192 -0.28336265683174133 0.11448678374290466 0.37961563467979431 -0.68278312683105469 0.15218603610992432 1.4538242816925049 0 1/00527.png

370 0.87405914068222046 -0.2899511456489563 0.11348483711481094 0.37292107939720154 -0.69198668003082275 0.16569218039512634 1.445972204208374 0 1/00528.png

371 0.90723973512649536 -0.27622711658477783 0.074059218168258667 0.30843141674995422 -0.79123222827911377 0.15311276912689209 1.3769098520278931 0 1/00539.png

372 0.88366472721099854 -0.28789624571800232 0.10477080196142197 0.35394284129142761 -0.72013044357299805 0.17308869957923889 1.4343420267105103 0 1/00531.png

373 0.89967906475067139 -0.28646197915077209 0.085210464894771576 0.31820780038833618 -0.77177941799163818 0.17795789241790771 1.3910493850708008 0 1/00536.png

374 0.8921511173248291 -0.28385457396507263 0.10177288204431534 0.3363557755947113 -0.72757697105407715 0.17838564515113831 1.4254573583602905 0 1/00533.png

375 0.90258115530014038 -0.27599772810935974 0.081926263868808746 0.32009473443031311 -0.77470284700393677 0.14741721749305725 1.3950270414352417 0 1/00537.png

376 0.90978783369064331 -0.27208137512207031 0.074111364781856537 0.30457413196563721 -0.78727179765701294 0.14368396997451782 1.3758114576339722 0 1/00540.png

377 0.89484542608261108 -0.27907282114028931 0.096597880125045776 0.33472204208374023 -0.73709750175476074 0.1613897979259491 1.4209896326065063 0 1/00534.png

378 0.91057229042053223 -0.27589765191078186 0.071849972009658813 0.29929280281066895 -0.7887197732925415 0.15210229158401489 1.3623957633972168 0 1/00541.png

379 0.87925803661346436 -0.29244619607925415 0.11125584691762924 0.35916939377784729 -0.70975238084793091 0.18483632802963257 1.4387944936752319 0 1/00530.png

380 0.91143310070037842 -0.28097182512283325 0.075635179877281189 0.29090189933776855 -0.78185045719146729 0.18679192662239075 1.3602772951126099 0 1/00544.png

381 0.90726155042648315 -0.29229742288589478 0.074579887092113495 0.29304727911949158 -0.78917574882507324 0.21181923151016235 1.3558496236801147 0 1/00546.png

382 0.91217494010925293 -0.27741438150405884 0.07431378960609436 0.29232797026634216 -0.78204751014709473 0.17358192801475525 1.3629076480865479 0 1/00543.png

383 0.90991377830505371 -0.29155659675598145 0.079774580895900726 0.28405570983886719 -0.76994824409484863 0.23646426200866699 1.3590041399002075 0 1/00549.png

384 0.90831029415130615 -0.29742327332496643 0.085977174341678619 0.28128206729888916 -0.76750314235687256 0.28110551834106445 1.365361213684082 0 1/00554.png

385 0.91103196144104004 -0.28966352343559265 0.071713119745254517 0.28455740213394165 -0.78978323936462402 0.21967074275016785 1.3508790731430054 0 1/00547.png

386 0.91021430492401123 -0.29285708069801331 0.076144985854625702 0.28274825215339661 -0.77782201766967773 0.24262553453445435 1.3545385599136353 0 1/00551.png

387 0.90779876708984375 -0.2947503924369812 0.081347152590751648 0.28706502914428711 -0.7688060998916626 0.24101987481117249 1.3602956533432007 0 1/00550.png

388 0.9082038402557373 -0.29558762907981873 0.084196627140045166 0.2840854823589325 -0.76997768878936768 0.26605281233787537 1.3625414371490479 0 1/00553.png

389 0.90875190496444702 -0.29630959033966064 0.088190026581287384 0.28034451603889465 -0.76417440176010132 0.29020980000495911 1.3677499294281006 0 1/00556.png

390 0.90649056434631348 -0.30314713716506958 0.089129090309143066 0.28005847334861755 -0.76868128776550293 0.31714487075805664 1.3608524799346924 0 1/00559.png

391 0.90897983312606812 -0.3007713258266449 0.086956620216369629 0.27519237995147705 -0.76658177375793457 0.30769500136375427 1.3581804037094116 0 1/00557.png

392 0.90626949071884155 -0.30581969022750854 0.088587276637554169 0.27803289890289307 -0.77506303787231445 0.33460095524787903 1.354509711265564 0 1/00561.png

393 0.90663957595825195 -0.30559313297271729 0.094338342547416687 0.27516853809356689 -0.76416981220245361 0.34906348586082458 1.3596518039703369 0 1/00563.png

394 0.90779656171798706 -0.29866111278533936 0.097397103905677795 0.27788606286048889 -0.75387012958526611 0.34220242500305176 1.3690057992935181 0 1/00567.png

395 0.90660601854324341 -0.30303949117660522 0.090478397905826569 0.279367595911026 -0.76938068866729736 0.34108558297157288 1.354055643081665 0 1/00570.png

396 0.905159592628479 -0.30753991007804871 0.088473021984100342 0.27978166937828064 -0.77447140216827393 0.32732868194580078 1.3529638051986694 0 1/00560.png

397 0.90627914667129517 -0.30525311827659607 0.095294862985610962 0.27640104293823242 -0.76220417022705078 0.34902894496917725 1.3598827123641968 0 1/00564.png

398 0.90807735919952393 -0.30096179246902466 0.092508606612682343 0.27615135908126831 -0.76353871822357178 0.34350302815437317 1.3603492975234985 0 1/00566.png

399 0.90627002716064453 -0.30398604273796082 0.096286341547966003 0.27748158574104309 -0.75975942611694336 0.34915873408317566 1.3589614629745483 0 1/00569.png

400 0.90583032369613647 -0.3043513298034668 0.096796043217182159 0.27833831310272217 -0.75886690616607666 0.35346886515617371 1.3591395616531372 0 1/00572.png

