# Image list with two lines of data per image:
#   IMAGE_ID, QW, QX, QY, QZ, TX, TY, TZ, CAMERA_ID, NAME
#   POINTS2D[] as (X, Y, POINT3D_ID)
# Number of images: 573, mean observations per image: 0
1 0.37878605723381042 0.88989174365997314 0.22762589156627655 -0.11313796788454056 -1.531494140625 1.1923055648803711 0.90889936685562134 0 1/00003.png

2 0.39940881729125977 0.88961470127105713 0.18866673111915588 -0.11603017151355743 -1.4921784400939941 1.3334167003631592 0.84909313917160034 0 1/00008.png

3 0.38190019130706787 0.89327841997146606 0.21019253134727478 -0.10965877026319504 -1.5247054100036621 1.2503387928009033 0.88813763856887817 0 1/00005.png

4 0.39543169736862183 0.89083284139633179 0.18748828768730164 -0.12206011265516281 -1.47739577293396 1.3342020511627197 0.85861533880233765 0 1/00007.png

5 0.41172432899475098 0.88527548313140869 0.17922265827655792 -0.12103550136089325 -1.4642708301544189 1.3572120666503906 0.81261461973190308 0 1/00009.png

6 0.41303378343582153 0.88371473550796509 0.18280920386314392 -0.12260624766349792 -1.4585838317871094 1.356398344039917 0.8389967679977417 0 1/00010.png

7 0.3791053295135498 0.8926997184753418 0.21661660075187683 -0.11155036836862564 -1.5220193862915039 1.227886438369751 0.90359842777252197 0 1/00004.png

8 0.37673807144165039 0.88764405250549316 0.23989282548427582 -0.11228472739458084 -1.5500881671905518 1.1558518409729004 0.9248882532119751 0 1/00002.png

9 0.37130239605903625 0.88701897859573364 0.25018957257270813 -0.11285898089408875 -1.5581762790679932 1.1335295438766479 0.95857810974121094 0 1/00001.png

10 0.42206272482872009 0.87511378526687622 0.19491441547870636 -0.13434074819087982 -1.4496786594390869 1.3270702362060547 0.87803798913955688 0 1/00012.png

11 0.42941609025001526 0.86348974704742432 0.22259941697120667 -0.14295734465122223 -1.4274418354034424 1.2471635341644287 0.96375840902328491 0 1/00015.png

12 0.39227735996246338 0.89161068201065063 0.19487644731998444 -0.11476881802082062 -1.4945564270019531 1.297864556312561 0.84965890645980835 0 1/00006.png

13 0.41164505481719971 0.84768551588058472 0.28339162468910217 -0.1779518723487854 -1.2681741714477539 1.0868818759918213 1.2107046842575073 0 1/00020.png

14 0.41471582651138306 0.8819812536239624 0.18413695693016052 -0.12733224034309387 -1.4410731792449951 1.3592147827148438 0.8666069507598877 0 1/00011.png

15 0.41526159644126892 0.85422557592391968 0.26111245155334473 -0.1722693145275116 -1.3264408111572266 1.1573354005813599 1.1594122648239136 0 1/00018.png

16 0.42373371124267578 0.85777580738067627 0.24563319981098175 -0.15599599480628967 -1.3692916631698608 1.1868507862091064 1.0733065605163574 0 1/00017.png

17 0.42381143569946289 0.87105095386505127 0.20612089335918427 -0.13844957947731018 -1.4466252326965332 1.2997879981994629 0.91221028566360474 0 1/00013.png

18 0.40982991456985474 0.85189813375473022 0.27397787570953369 -0.17676307260990143 -1.2920677661895752 1.1186171770095825 1.2152576446533203 0 1/00019.png

19 0.40871375799179077 0.84061861038208008 0.30047962069511414 -0.18980377912521362 -1.2485430240631104 1.0574905872344971 1.2724497318267822 0 1/00021.png

20 0.42602318525314331 0.86130017042160034 0.23424407839775085 -0.14763462543487549 -1.4041397571563721 1.2187497615814209 1.0144391059875488 0 1/00016.png

21 0.40807405114173889 0.83634161949157715 0.31291049718856812 -0.18998725712299347 -1.2288668155670166 1.0212775468826294 1.2962701320648193 0 1/00022.png

22 0.3899475634098053 0.81904864311218262 0.36917412281036377 -0.20201684534549713 -1.1603708267211914 0.90073919296264648 1.4516730308532715 0 1/00025.png

23 0.38046306371688843 0.81146085262298584 0.39071139693260193 -0.21005651354789734 -1.1217108964920044 0.85041308403015137 1.5154070854187012 0 1/00026.png

24 0.40397569537162781 0.82168841361999512 0.34769859910011292 -0.2018352597951889 -1.1908936500549316 0.95118296146392822 1.3677190542221069 0 1/00024.png

25 0.40622091293334961 0.83071058988571167 0.32852941751480103 -0.1922832727432251 -1.2130613327026367 0.98355334997177124 1.3213638067245483 0 1/00023.png

26 0.42349371314048767 0.86907839775085449 0.21476931869983673 -0.13867223262786865 -1.4398534297943115 1.2756218910217285 0.9570847749710083 0 1/00014.png

27 0.37203153967857361 0.80261266231536865 0.41306677460670471 -0.21628950536251068 -1.0849905014038086 0.80961209535598755 1.5757510662078857 0 1/00027.png

28 0.37379872798919678 0.79238927364349365 0.43038561940193176 -0.2171681672334671 -1.0663917064666748 0.77549242973327637 1.5928511619567871 0 1/00028.png

29 0.36950623989105225 0.78865724802017212 0.44107568264007568 -0.21664988994598389 -1.0486962795257568 0.739676833152771 1.617849588394165 0 1/00029.png

30 0.37108296155929565 0.77729260921478271 0.45817330479621887 -0.2195240706205368 -1.0271298885345459 0.70646011829376221 1.6275763511657715 0 1/00030.png

31 0.3757551908493042 0.76783519983291626 0.46958032250404358 -0.22075200080871582 -1.0091456174850464 0.69097566604614258 1.6271957159042358 0 1/00031.png

32 0.3809145987033844 0.72820866107940674 0.52438104152679443 -0.22280222177505493 -0.9405485987663269 0.56399792432785034 1.6690164804458618 0 1/00035.png

33 0.37335026264190674 0.74888557195663452 0.49949517846107483 -0.22424212098121643 -0.95941883325576782 0.62689048051834106 1.6668798923492432 0 1/00033.png

34 0.36677083373069763 0.7031359076499939 0.56961619853973389 -0.21590831875801086 -0.86918175220489502 0.41868659853935242 1.740234375 0 1/00038.png

35 0.37683415412902832 0.76175689697265625 0.47889405488967896 -0.2199615091085434 -0.99363082647323608 0.66584545373916626 1.6369764804840088 0 1/00032.png

36 0.3711552619934082 0.71360355615615845 0.55332595109939575 -0.21643491089344025 -0.90396964550018311 0.46673351526260376 1.717028021812439 0 1/00037.png

37 0.33079582452774048 0.68056440353393555 0.60984313488006592 -0.23557895421981812 -0.68706738948822021 0.3154526948928833 1.8619843721389771 0 1/00041.png

38 0.34562137722969055 0.68801921606063843 0.59635668992996216 -0.22701126337051392 -0.75795125961303711 0.34875833988189697 1.8189938068389893 0 1/00040.png

39 0.3572763204574585 0.69281059503555298 0.58618974685668945 -0.22079116106033325 -0.81790435314178467 0.38136279582977295 1.7808411121368408 0 1/00039.png

40 0.37889862060546875 0.73827612400054932 0.51060986518859863 -0.22508174180984497 -0.94614571332931519 0.60196471214294434 1.6624437570571899 0 1/00034.png

41 0.30443790555000305 0.68451327085494995 0.61049318313598633 -0.25701618194580078 -0.55887651443481445 0.28027456998825073 1.930791974067688 0 1/00045.png

42 0.31473815441131592 0.6756858229637146 0.61815571784973145 -0.2495434582233429 -0.59629535675048828 0.28974810242652893 1.9088401794433594 0 1/00043.png

43 0.37598288059234619 0.72032648324966431 0.54007375240325928 -0.21928712725639343 -0.9248318076133728 0.51353603601455688 1.6952465772628784 0 1/00036.png

44 0.30144113302230835 0.69908827543258667 0.59542649984359741 -0.25666335225105286 -0.5695267915725708 0.27039450407028198 1.9208287000656128 0 1/00047.png

45 0.30780240893363953 0.68181914091110229 0.61267954111099243 -0.25495892763137817 -0.57174748182296753 0.29045107960700989 1.9202531576156616 0 1/00044.png

46 0.3009483814239502 0.71676456928253174 0.57790201902389526 -0.24841058254241943 -0.59220212697982788 0.25056988000869751 1.9053095579147339 0 1/00050.png

47 0.32006239891052246 0.67471843957901001 0.61926877498626709 -0.24253071844577789 -0.62959998846054077 0.29405421018600464 1.8959329128265381 0 1/00042.png

48 0.30118870735168457 0.69128680229187012 0.60332792997360229 -0.25962129235267639 -0.55591857433319092 0.27521029114723206 1.9276894330978394 0 1/00046.png

49 0.3036273717880249 0.72317308187484741 0.56877148151397705 -0.24764929711818695 -0.59032434225082397 0.24895873665809631 1.89183509349823 0 1/00052.png

50 0.29988557100296021 0.71228772401809692 0.58285385370254517 -0.25099048018455505 -0.58964937925338745 0.25321221351623535 1.9122728109359741 0 1/00049.png

51 0.30090862512588501 0.705921471118927 0.58925831317901611 -0.25279140472412109 -0.58268254995346069 0.25912535190582275 1.918109655380249 0 1/00048.png

52 0.30037316679954529 0.71922451257705688 0.57463264465332031 -0.24957825243473053 -0.58450520038604736 0.24835234880447388 1.9069048166275024 0 1/00051.png

53 0.30816426873207092 0.7286914587020874 0.56254822015762329 -0.23996487259864807 -0.60336077213287354 0.23951476812362671 1.8789188861846924 0 1/00055.png

54 0.30380973219871521 0.72225624322891235 0.5698094367980957 -0.24771511554718018 -0.58887887001037598 0.24603396654129028 1.8916702270507812 0 1/00053.png

55 0.30791303515434265 0.7343260645866394 0.5566251277923584 -0.23690342903137207 -0.60249209403991699 0.23663091659545898 1.871898889541626 0 1/00056.png

56 0.30833730101585388 0.72506970167160034 0.56568658351898193 -0.24331200122833252 -0.6015021800994873 0.24470719695091248 1.8821738958358765 0 1/00054.png

57 0.31180480122566223 0.73910951614379883 0.54912096261978149 -0.23443768918514252 -0.60648202896118164 0.24775034189224243 1.8595445156097412 0 1/00057.png

58 0.31183284521102905 0.74412316083908081 0.54343754053115845 -0.23176850378513336 -0.6085207462310791 0.24338382482528687 1.8588979244232178 0 1/00058.png

59 0.30904713273048401 0.75434637069702148 0.53305566310882568 -0.22650159895420074 -0.60969835519790649 0.23727867007255554 1.8467551469802856 0 1/00059.png

60 0.29968801140785217 0.76759374141693115 0.51961934566497803 -0.22579339146614075 -0.58051759004592896 0.22047701478004456 1.852776050567627 0 1/00061.png

61 0.28678366541862488 0.79301726818084717 0.49145278334617615 -0.21760711073875427 -0.56975579261779785 0.20938572287559509 1.8340685367584229 0 1/00064.png

62 0.30612862110137939 0.76070964336395264 0.52455729246139526 -0.22901031374931335 -0.59127616882324219 0.24158552289009094 1.8465335369110107 0 1/00060.png

63 0.29530596733093262 0.77652478218078613 0.51077437400817871 -0.22116328775882721 -0.58408170938491821 0.20721456408500671 1.8422602415084839 0 1/00062.png

64 0.27535796165466309 0.8197057843208313 0.44723549485206604 -0.22856257855892181 -0.47364237904548645 0.27417534589767456 1.8435319662094116 0 1/00068.png

65 0.28569081425666809 0.80056637525558472 0.48088946938514709 -0.21498697996139526 -0.56390881538391113 0.21633997559547424 1.8314008712768555 0 1/00065.png

66 0.2765142023563385 0.82716071605682373 0.43038454651832581 -0.23262441158294678 -0.42053639888763428 0.32512933015823364 1.8426032066345215 0 1/00071.png

67 0.29195666313171387 0.7857663631439209 0.49994361400604248 -0.21768996119499207 -0.58337801694869995 0.20557662844657898 1.8342750072479248 0 1/00063.png

68 0.27575671672821045 0.82679623365402222 0.4323885440826416 -0.23109839856624603 -0.43687015771865845 0.31230831146240234 1.8382210731506348 0 1/00070.png

69 0.2812684178352356 0.80803996324539185 0.469779372215271 -0.21740919351577759 -0.54301995038986206 0.23156607151031494 1.8298835754394531 0 1/00066.png

70 0.27939194440841675 0.81355279684066772 0.45859205722808838 -0.22308118641376495 -0.50961112976074219 0.25646042823791504 1.8333711624145508 0 1/00067.png

71 0.27203753590583801 0.82559913396835327 0.43733388185501099 -0.23047943413257599 -0.45061215758323669 0.28774005174636841 1.8412821292877197 0 1/00069.png

72 0.28197175264358521 0.82800209522247314 0.43263038992881775 -0.21848452091217041 -0.43293735384941101 0.32448846101760864 1.8412090539932251 0 1/00073.png

73 0.27968686819076538 0.82541203498840332 0.4347405731678009 -0.22687201201915741 -0.4229767918586731 0.32358828186988831 1.8428373336791992 0 1/00072.png

74 0.2862759530544281 0.8279227614402771 0.43013438582420349 -0.21811537444591522 -0.43015605211257935 0.34400388598442078 1.8372052907943726 0 1/00074.png

75 0.28737896680831909 0.82850044965744019 0.42910301685333252 -0.21649715304374695 -0.42136645317077637 0.3541424572467804 1.8443489074707031 0 1/00075.png

76 0.28919190168380737 0.83009248971939087 0.42782175540924072 -0.2104354053735733 -0.4108302891254425 0.36189126968383789 1.8535143136978149 0 1/00077.png

77 0.28937816619873047 0.82886332273483276 0.42865601181983948 -0.21330684423446655 -0.41584551334381104 0.35935026407241821 1.847097635269165 0 1/00076.png

78 0.28820115327835083 0.83187997341156006 0.42697286605834961 -0.20642207562923431 -0.4096350371837616 0.36179903149604797 1.8580833673477173 0 1/00078.png

79 0.28037258982658386 0.83850264549255371 0.43494626879692078 -0.17066442966461182 -0.44953835010528564 0.27257317304611206 1.8720628023147583 0 1/00083.png

80 0.29203182458877563 0.83138388395309448 0.42638251185417175 -0.20424553751945496 -0.41109704971313477 0.36727333068847656 1.8587654829025269 0 1/00079.png

81 0.28897160291671753 0.83568668365478516 0.42816910147666931 -0.18653257191181183 -0.43420165777206421 0.32703489065170288 1.8696082830429077 0 1/00081.png

82 0.28961467742919922 0.83362233638763428 0.42618545889854431 -0.19890493154525757 -0.41522881388664246 0.3569304347038269 1.8656659126281738 0 1/00080.png

83 0.28045499324798584 0.84235674142837524 0.43159025907516479 -0.15971855819225311 -0.4699225127696991 0.27679231762886047 1.8629716634750366 0 1/00085.png

84 0.27914121747016907 0.83988243341445923 0.43472865223884583 -0.16639907658100128 -0.45386824011802673 0.27050188183784485 1.8734054565429688 0 1/00084.png

85 0.28375715017318726 0.83659660816192627 0.43286553025245667 -0.17948627471923828 -0.44029015302658081 0.29281565546989441 1.8722593784332275 0 1/00082.png

86 0.28658640384674072 0.84335947036743164 0.42589569091796875 -0.1588267982006073 -0.48704475164413452 0.30958864092826843 1.852418065071106 0 1/00086.png

87 0.29896312952041626 0.85489177703857422 0.40213629603385925 -0.13441525399684906 -0.57336759567260742 0.3570343554019928 1.8026772737503052 0 1/00088.png

88 0.31800726056098938 0.865203857421875 0.37052556872367859 -0.11403696984052658 -0.65789139270782471 0.43968456983566284 1.7221896648406982 0 1/00090.png

89 0.2913709282875061 0.84746402502059937 0.41780003905296326 -0.14950218796730042 -0.5166129469871521 0.32240134477615356 1.8427566289901733 0 1/00087.png

90 0.32893505692481995 0.86656630039215088 0.35916036367416382 -0.10894209146499634 -0.67690235376358032 0.47935932874679565 1.6884925365447998 0 1/00091.png

91 0.32167410850524902 0.87655210494995117 0.34140938520431519 -0.1078045517206192 -0.62731468677520752 0.47596430778503418 1.6687270402908325 0 1/00093.png

92 0.32540273666381836 0.87426179647445679 0.34509080648422241 -0.10340093076229095 -0.6546509861946106 0.47863322496414185 1.6721460819244385 0 1/00092.png

93 0.30796986818313599 0.85812366008758545 0.3896375298500061 -0.13023391366004944 -0.59810614585876465 0.39759987592697144 1.7746552228927612 0 1/00089.png

94 0.29841169714927673 0.9046865701675415 0.28548529744148254 -0.10483747720718384 -0.49599412083625793 0.48388081789016724 1.6002509593963623 0 1/00098.png

95 0.3120538592338562 0.88931816816329956 0.32048520445823669 -0.094998694956302643 -0.61494159698486328 0.45263960957527161 1.6399614810943604 0 1/00095.png

96 0.30225521326065063 0.90170085430145264 0.29466769099235535 -0.09353240579366684 -0.57234776020050049 0.4580211341381073 1.6085560321807861 0 1/00097.png

97 0.29267212748527527 0.91662639379501343 0.2523517906665802 -0.10226272791624069 -0.44418680667877197 0.49046885967254639 1.5491843223571777 0 1/00102.png

98 0.32228010892868042 0.88189244270324707 0.32837039232254028 -0.10283038020133972 -0.61574459075927734 0.49032419919967651 1.6442320346832275 0 1/00094.png

99 0.29472824931144714 0.91308736801147461 0.26085948944091797 -0.10657823830842972 -0.44572976231575012 0.4982532262802124 1.5576764345169067 0 1/00101.png

100 0.29020866751670837 0.91191667318344116 0.26931184530258179 -0.10797253996133804 -0.44797796010971069 0.47801166772842407 1.5746221542358398 0 1/00100.png

101 0.29231500625610352 0.90792465209960938 0.27923664450645447 -0.11068682372570038 -0.46358180046081543 0.47819775342941284 1.6046822071075439 0 1/00099.png

102 0.30874165892601013 0.8977968692779541 0.30079343914985657 -0.090347640216350555 -0.59878426790237427 0.46924197673797607 1.6060279607772827 0 1/00096.png

103 0.27994710206985474 0.92799597978591919 0.23103371262550354 -0.084121860563755035 -0.43817991018295288 0.44509762525558472 1.526105523109436 0 1/00105.png

104 0.28760474920272827 0.92182117700576782 0.24346894025802612 -0.090841278433799744 -0.44460147619247437 0.47257184982299805 1.5311522483825684 0 1/00104.png

105 0.2832198441028595 0.93486100435256958 0.2027934342622757 -0.068529702723026276 -0.43967866897583008 0.46845591068267822 1.5101975202560425 0 1/00107.png

106 0.28626567125320435 0.9200139045715332 0.24946416914463043 -0.096922136843204498 -0.44390559196472168 0.47106882929801941 1.5432921648025513 0 1/00103.png

107 0.29353046417236328 0.93692523241043091 0.17948454618453979 -0.061614099889993668 -0.43143823742866516 0.51451975107192993 1.501390814781189 0 1/00109.png

108 0.2821936309337616 0.92938679456710815 0.22374504804611206 -0.080901525914669037 -0.43840610980987549 0.45357418060302734 1.5163525342941284 0 1/00106.png

109 0.2812473475933075 0.93672466278076172 0.19765137135982513 -0.066187135875225067 -0.43674856424331665 0.46340960264205933 1.5127499103546143 0 1/00108.png

110 0.30492216348648071 0.94042736291885376 0.14539597928524017 -0.038455173373222351 -0.45225578546524048 0.56314456462860107 1.4846565723419189 0 1/00111.png

111 0.30966144800186157 0.94207525253295898 0.12468542158603668 -0.03252144530415535 -0.41530314087867737 0.59216159582138062 1.5029925107955933 0 1/00113.png

112 0.29481089115142822 0.9395025372505188 0.16710466146469116 -0.049975346773862839 -0.441669762134552 0.52240484952926636 1.4987778663635254 0 1/00110.png

113 0.30482223629951477 0.94231921434402466 0.13416977226734161 -0.033411353826522827 -0.44530591368675232 0.5737149715423584 1.4913637638092041 0 1/00112.png

114 0.31407216191291809 0.94233465194702148 0.11261556297540665 -0.026111608371138573 -0.39874252676963806 0.62228083610534668 1.5151159763336182 0 1/00115.png

115 0.31695714592933655 0.94192326068878174 0.10802371054887772 -0.02548833005130291 -0.3878009021282196 0.6329006552696228 1.5218141078948975 0 1/00116.png

116 0.31456610560417175 0.94130265712738037 0.11851141601800919 -0.030861621722579002 -0.40408769249916077 0.61165636777877808 1.5043883323669434 0 1/00114.png

117 0.31512847542762756 0.94404792785644531 0.094825707376003265 -0.021809931844472885 -0.34052509069442749 0.63629627227783203 1.5512721538543701 0 1/00119.png

118 0.32130247354507446 0.94129723310470581 0.099861800670623779 -0.027420053258538246 -0.35418975353240967 0.6511654257774353 1.5364006757736206 0 1/00118.png

119 0.32066968083381653 0.94105863571166992 0.10361255705356598 -0.029052736237645149 -0.36811763048171997 0.6459956169128418 1.5239843130111694 0 1/00117.png

120 0.31680905818939209 0.94331371784210205 0.096095576882362366 -0.023597991093993187 -0.32854446768760681 0.64307838678359985 1.5562330484390259 0 1/00120.png

121 0.31791514158248901 0.94310963153839111 0.095257513225078583 -0.020004810765385628 -0.32189804315567017 0.65626180171966553 1.5620248317718506 0 1/00121.png

122 0.32328495383262634 0.94142347574234009 0.094542615115642548 -0.016444893553853035 -0.32297593355178833 0.68920302391052246 1.5593248605728149 0 1/00122.png

123 0.33424916863441467 0.93843251466751099 0.086961090564727783 -0.0077333878725767136 -0.33491483330726624 0.73578387498855591 1.5506361722946167 0 1/00124.png

124 0.34246522188186646 0.93619048595428467 0.079085171222686768 -0.0032505400013178587 -0.33124560117721558 0.77922618389129639 1.5321115255355835 0 1/00125.png

125 0.35452976822853088 0.93216675519943237 0.073305681347846985 -5.8690799050964415e-05 -0.31729650497436523 0.82358402013778687 1.5122705698013306 0 1/00126.png

126 0.38167500495910645 0.92242974042892456 0.058644961565732956 0.00287668127566576 -0.25906425714492798 0.93417978286743164 1.4583454132080078 0 1/00129.png

127 0.33273941278457642 0.93884164094924927 0.087710492312908173 -0.012953316792845726 -0.32389283180236816 0.72372782230377197 1.5493593215942383 0 1/00123.png

128 0.37451857328414917 0.92517727613449097 0.06150498241186142 -0.00012218522897455841 -0.26501345634460449 0.91210615634918213 1.4722129106521606 0 1/00128.png

129 0.36161637306213379 0.92990791797637939 0.067022323608398438 -0.0035801841877400875 -0.27578598260879517 0.87063735723495483 1.5073659420013428 0 1/00127.png

130 0.38022255897521973 0.92337727546691895 0.052755694836378098 0.0046916380524635315 -0.24711453914642334 0.93531012535095215 1.4600640535354614 0 1/00130.png

131 0.38014504313468933 0.9235491156578064 0.049284562468528748 0.01085223164409399 -0.24137762188911438 0.93836390972137451 1.4481275081634521 0 1/00131.png

132 0.38403373956680298 0.92203778028488159 0.047615233808755875 0.009859524667263031 -0.2242424488067627 0.95044815540313721 1.433185338973999 0 1/00132.png

133 0.37044867873191833 0.92774772644042969 0.043100085109472275 0.013939978554844856 -0.17606738209724426 0.92276561260223389 1.4674855470657349 0 1/00134.png

134 0.37229737639427185 0.92707908153533936 0.041101019829511642 0.015157163143157959 -0.14877153933048248 0.93574070930480957 1.4311596155166626 0 1/00135.png

135 0.37705019116401672 0.92509245872497559 0.043386880308389664 0.012442575767636299 -0.11565417051315308 0.95966744422912598 1.4237394332885742 0 1/00136.png

136 0.38261643052101135 0.92285662889480591 0.04164162278175354 0.014359871856868267 -0.19883778691291809 0.94716542959213257 1.4328855276107788 0 1/00133.png

137 0.37338197231292725 0.92665356397628784 0.04328831285238266 0.0050200107507407665 -0.073362976312637329 0.96371692419052124 1.4301838874816895 0 1/00137.png

138 0.40686860680580139 0.91295188665390015 0.02740001305937767 -0.01503539364784956 0.043426066637039185 1.0912446975708008 1.2885837554931641 0 1/00141.png

139 0.39620873332023621 0.91734039783477783 0.034459471702575684 -0.017828956246376038 0.035892844200134277 1.0521061420440674 1.3371731042861938 0 1/00140.png

140 0.37963330745697021 0.92406833171844482 0.044412001967430115 0.001975345192477107 -0.041233301162719727 0.99725186824798584 1.395869255065918 0 1/00138.png

141 0.39031165838241577 0.91967439651489258 0.042196974158287048 -0.0086696231737732887 -0.0013265013694763184 1.0292975902557373 1.3651227951049805 0 1/00139.png

142 0.42862027883529663 0.90308749675750732 0.022919250652194023 -0.013871317729353905 0.037525743246078491 1.1597599983215332 1.2128797769546509 0 1/00142.png

143 0.45371654629707336 0.89101129770278931 0.012325488030910492 -0.009389941580593586 0.029226243495941162 1.2075122594833374 1.1017866134643555 0 1/00144.png

144 0.46064719557762146 0.88712912797927856 0.024773949757218361 -0.0138666070997715 0.0044556558132171631 1.2275298833847046 1.0657024383544922 0 1/00145.png

145 0.45671996474266052 0.88871544599533081 0.033020447939634323 -0.022393941879272461 0.018625736236572266 1.1873916387557983 1.0302565097808838 0 1/00147.png

146 0.4473319947719574 0.89078319072723389 0.063653454184532166 -0.04845154657959938 0.057949304580688477 1.1628873348236084 1.0253701210021973 0 1/00149.png

147 0.4467795193195343 0.89434069395065308 0.019079957157373428 -0.01337271835654974 0.03239712119102478 1.1916563510894775 1.1416816711425781 0 1/00143.png

148 0.44827839732170105 0.8919140100479126 0.046535171568393707 -0.037019439041614532 0.046754926443099976 1.1687514781951904 1.0498429536819458 0 1/00148.png

149 0.46348202228546143 0.8857424259185791 0.022652577608823776 -0.011473169550299644 0.015224844217300415 1.2140545845031738 1.0471946001052856 0 1/00146.png

150 0.44776126742362976 0.88856536149978638 0.077317439019680023 -0.063114352524280548 0.083701908588409424 1.168121337890625 1.0169028043746948 0 1/00150.png

151 0.43720057606697083 0.88914048671722412 0.10332082957029343 -0.087234079837799072 0.10710576176643372 1.1395998001098633 1.0079643726348877 0 1/00152.png

152 0.43865224719047546 0.89041376113891602 0.090698450803756714 -0.080754533410072327 0.12042832374572754 1.1520845890045166 0.94338488578796387 0 1/00156.png

153 0.4434017539024353 0.88487112522125244 0.1140972301363945 -0.085905604064464569 0.089979171752929688 1.1594443321228027 0.97450637817382812 0 1/00153.png

154 0.44235655665397644 0.88877654075622559 0.095913790166378021 -0.072093203663825989 0.090178787708282471 1.1577780246734619 1.0288951396942139 0 1/00151.png

155 0.44831466674804688 0.88472718000411987 0.089354060590267181 -0.091036133468151093 0.14694333076477051 1.1743180751800537 0.90155333280563354 0 1/00157.png

156 0.44631978869438171 0.88460952043533325 0.085117809474468231 -0.10497444123029709 0.21224069595336914 1.1935434341430664 0.92396283149719238 0 1/00158.png

157 0.4429263174533844 0.88712137937545776 0.09986182302236557 -0.082823127508163452 0.11006852984428406 1.1505112648010254 0.96540755033493042 0 1/00154.png

158 0.45242056250572205 0.86963158845901489 0.09245774894952774 -0.17466576397418976 0.46215194463729858 1.2434945106506348 0.81685012578964233 0 1/00160.png

159 0.43707138299942017 0.89161336421966553 0.087553232908248901 -0.07955256849527359 0.12516796588897705 1.1378772258758545 0.96324396133422852 0 1/00155.png

160 0.48257845640182495 0.86521536111831665 -0.044464297592639923 -0.12862105667591095 0.70094925165176392 1.0696418285369873 0.77240145206451416 0 1/00166.png

161 0.46804133057594299 0.86989134550094604 0.01478505227714777 -0.15494421124458313 0.68908172845840454 1.1483277082443237 0.76047652959823608 0 1/00164.png

162 0.45434367656707764 0.86901253461837769 0.084687113761901855 -0.17668338119983673 0.54486161470413208 1.241025447845459 0.80342167615890503 0 1/00161.png

163 0.45361980795860291 0.87279045581817627 0.085748754441738129 -0.1584710031747818 0.38802504539489746 1.2281090021133423 0.832450270652771 0 1/00159.png

164 0.45800861716270447 0.86815077066421509 0.069292113184928894 -0.17815953493118286 0.62550097703933716 1.221777081489563 0.76719158887863159 0 1/00162.png

165 0.48169225454330444 0.86467355489730835 -0.095287807285785675 -0.10598371922969818 0.70844537019729614 1.0059226751327515 0.78005468845367432 0 1/00167.png

166 0.46220055222511292 0.86761873960494995 0.057664550840854645 -0.17402060329914093 0.66721421480178833 1.1958105564117432 0.76241427659988403 0 1/00163.png

167 0.47702348232269287 0.86708950996398926 -0.0080028222873806953 -0.14331889152526855 0.68858164548873901 1.1282386779785156 0.75439608097076416 0 1/00165.png

168 0.46428373456001282 0.84222227334976196 -0.2681519091129303 -0.056540954858064651 0.79870742559432983 0.74040919542312622 0.9235994815826416 0 1/00171.png

169 0.48145166039466858 0.86048674583435059 -0.1414654403924942 -0.088058724999427795 0.72265654802322388 0.96151596307754517 0.80896401405334473 0 1/00168.png

170 0.46480566263198853 0.8479650616645813 -0.24865999817848206 -0.055489696562290192 0.7733885645866394 0.78402465581893921 0.91572105884552002 0 1/00170.png

171 0.4618668258190155 0.839771568775177 -0.28201970458030701 -0.043904494494199753 0.80935138463973999 0.70999908447265625 0.94719886779785156 0 1/00173.png

172 0.46667799353599548 0.85276848077774048 -0.22595392167568207 -0.062788374722003937 0.76478546857833862 0.82161450386047363 0.89369207620620728 0 1/00169.png

173 0.4389975368976593 0.84548413753509521 -0.3037797212600708 -0.012472387403249741 0.89294010400772095 0.65885668992996216 1.0554876327514648 0 1/00179.png

174 0.44816291332244873 0.84131163358688354 -0.30122846364974976 -0.024617617949843407 0.80631071329116821 0.67884337902069092 1.0063204765319824 0 1/00175.png

175 0.46033364534378052 0.84220093488693237 -0.27480900287628174 -0.057187397032976151 0.81184810400009155 0.716175377368927 0.93338990211486816 0 1/00172.png

176 0.45333337783813477 0.84027361869812012 -0.29482400417327881 -0.038831979036331177 0.81029433012008667 0.68452626466751099 0.97847950458526611 0 1/00174.png

177 0.43508735299110413 0.84708017110824585 -0.30481582880020142 -0.015540712513029575 0.9199480414390564 0.65124523639678955 1.0652840137481689 0 1/00180.png

178 0.44591614603996277 0.84269517660140991 -0.30153802037239075 -0.0099182315170764923 0.86451512575149536 0.67643105983734131 1.0395002365112305 0 1/00178.png

179 0.44682848453521729 0.84196311235427856 -0.30206137895584106 -0.014187265187501907 0.82670789957046509 0.68938201665878296 1.0304136276245117 0 1/00176.png

180 0.42915290594100952 0.84567916393280029 -0.31648406386375427 -0.02218795008957386 1.0120763778686523 0.61764800548553467 1.0758966207504272 0 1/00183.png

181 0.43273332715034485 0.8454209566116333 -0.31260082125663757 -0.016913354396820068 0.96776920557022095 0.62493342161178589 1.0687723159790039 0 1/00181.png

182 0.43049344420433044 0.84398245811462402 -0.31853145360946655 -0.030112311244010925 1.0500633716583252 0.6062203049659729 1.0675921440124512 0 1/00184.png

183 0.44882693886756897 0.84038501977920532 -0.30340868234634399 -0.015827268362045288 0.85081297159194946 0.6824181079864502 1.0270384550094604 0 1/00177.png

184 0.42633014917373657 0.84715414047241211 -0.31664919853210449 -0.017483523115515709 0.99018043279647827 0.61815774440765381 1.0876765251159668 0 1/00182.png

185 0.42924439907073975 0.83762812614440918 -0.33131027221679688 -0.066044189035892487 1.1895325183868408 0.54531717300415039 1.0365625619888306 0 1/00187.png

186 0.43062472343444824 0.84128308296203613 -0.32384294271469116 -0.043941974639892578 1.1052579879760742 0.58735889196395874 1.0556693077087402 0 1/00185.png

187 0.43247509002685547 0.83789443969726562 -0.32790952920913696 -0.058081813156604767 1.1551833152770996 0.56790614128112793 1.0412591695785522 0 1/00186.png

188 0.43062084913253784 0.82985532283782959 -0.35227900743484497 -0.042490575462579727 1.1948304176330566 0.57590305805206299 1.0522081851959229 0 1/00190.png

189 0.42922088503837585 0.83611845970153809 -0.33531922101974487 -0.065087519586086273 1.2017788887023926 0.54513192176818848 1.0290477275848389 0 1/00188.png

190 0.41446274518966675 0.81603038311004639 -0.40288349986076355 9.2590111307799816e-05 1.1370112895965576 0.55263727903366089 1.1439647674560547 0 1/00194.png

191 0.43399891257286072 0.83137339353561401 -0.34327766299247742 -0.051220428198575974 1.1925771236419678 0.57088983058929443 1.0280135869979858 0 1/00189.png

192 0.42558246850967407 0.82664406299591064 -0.3670077919960022 -0.029058905318379402 1.177931547164917 0.57470095157623291 1.0780152082443237 0 1/00191.png

193 0.42345711588859558 0.81762987375259399 -0.3899725079536438 -0.009329579770565033 1.1551103591918945 0.56964468955993652 1.1027460098266602 0 1/00193.png

194 0.42405140399932861 0.82246410846710205 -0.37860843539237976 -0.019722191616892815 1.1715893745422363 0.57181805372238159 1.0916358232498169 0 1/00192.png

195 0.41001108288764954 0.81194311380386353 -0.41544318199157715 0.0068090604618191719 1.1237602233886719 0.53269153833389282 1.1616812944412231 0 1/00195.png

196 0.40484434366226196 0.81032407283782959 -0.42330458760261536 0.017006479203701019 1.1060013771057129 0.52970755100250244 1.1804714202880859 0 1/00196.png

197 0.39673441648483276 0.80550754070281982 -0.43839135766029358 0.039653368294239044 1.0821199417114258 0.53357100486755371 1.222011923789978 0 1/00198.png

198 0.40062615275382996 0.80838710069656372 -0.43050238490104675 0.02601267397403717 1.0950632095336914 0.52952837944030762 1.2018535137176514 0 1/00197.png

199 0.36792638897895813 0.80915153026580811 -0.45188859105110168 0.075502574443817139 1.0567460060119629 0.54328817129135132 1.3014810085296631 0 1/00205.png

200 0.38179638981819153 0.80455541610717773 -0.45032781362533569 0.064241483807563782 1.0688962936401367 0.54234665632247925 1.2709540128707886 0 1/00203.png

201 0.39073896408081055 0.80305671691894531 -0.44678634405136108 0.052961532026529312 1.0753815174102783 0.53242224454879761 1.24382483959198 0 1/00201.png

202 0.39126235246658325 0.80495715141296387 -0.44327419996261597 0.04965515062212944 1.0727574825286865 0.53805959224700928 1.2451024055480957 0 1/00200.png

203 0.39709064364433289 0.80372321605682373 -0.44093003869056702 0.043915428221225739 1.0760695934295654 0.53987747430801392 1.2260173559188843 0 1/00199.png

204 0.38422304391860962 0.80500608682632446 -0.4484865665435791 0.056546848267316818 1.0708129405975342 0.53721809387207031 1.2621124982833862 0 1/00202.png

205 0.36075949668884277 0.81058084964752197 -0.45360052585601807 0.084011003375053406 1.0440483093261719 0.54697108268737793 1.318347692489624 0 1/00206.png

206 0.37750914692878723 0.806446373462677 -0.44967836141586304 0.070145584642887115 1.0658938884735107 0.54563629627227783 1.279365062713623 0 1/00204.png

207 0.35452073812484741 0.81251031160354614 -0.45456680655479431 0.086666196584701538 1.0436387062072754 0.54367601871490479 1.330329418182373 0 1/00207.png

208 0.35074919462203979 0.81170803308486938 -0.45759627223014832 0.093331344425678253 1.0896146297454834 0.5902554988861084 1.3124258518218994 0 1/00211.png

209 0.3536817729473114 0.81038850545883179 -0.45811128616333008 0.091179884970188141 1.0520000457763672 0.55801677703857422 1.3237656354904175 0 1/00208.png

210 0.35166504979133606 0.81124192476272583 -0.45665782690048218 0.09839649498462677 1.0938079357147217 0.61240017414093018 1.3058692216873169 0 1/00212.png

211 0.35500872135162354 0.80768424272537231 -0.46115776896476746 0.094596609473228455 1.0618093013763428 0.56668579578399658 1.3190779685974121 0 1/00209.png

212 0.35012033581733704 0.80939292907714844 -0.46217459440231323 0.093238912522792816 1.0883095264434814 0.57317543029785156 1.3237981796264648 0 1/00210.png

213 0.35323745012283325 0.81153666973114014 -0.45508503913879395 0.097617089748382568 1.103701114654541 0.62730956077575684 1.2987406253814697 0 1/00213.png

214 0.35837408900260925 0.81225079298019409 -0.44929489493370056 0.099753551185131073 1.1109678745269775 0.66232216358184814 1.2730045318603516 0 1/00215.png

215 0.35587748885154724 0.8100934624671936 -0.45546248555183411 0.098253227770328522 1.1097235679626465 0.63690644502639771 1.287922739982605 0 1/00214.png

216 0.35995864868164062 0.81330454349517822 -0.44525304436683655 0.10351358354091644 1.1103405952453613 0.68607497215270996 1.2641019821166992 0 1/00216.png

217 0.34357279539108276 0.82018887996673584 -0.44318869709968567 0.11327711492776871 1.0728485584259033 0.71077942848205566 1.2655459642410278 0 1/00222.png

218 0.3492867648601532 0.81930339336395264 -0.44102257490158081 0.11063390970230103 1.0827579498291016 0.7130170464515686 1.2638065814971924 0 1/00220.png

219 0.34652888774871826 0.81974655389785767 -0.43902906775474548 0.12323455512523651 1.0301153659820557 0.75578075647354126 1.2609562873840332 0 1/00225.png

220 0.35306498408317566 0.81695133447647095 -0.44233646988868713 0.11078836768865585 1.089033842086792 0.70606577396392822 1.273811936378479 0 1/00218.png

221 0.3474067747592926 0.82111603021621704 -0.43760696053504944 0.11652112752199173 1.0547897815704346 0.74197816848754883 1.2534754276275635 0 1/00224.png

222 0.35959765315055847 0.81596559286117554 -0.44031447172164917 0.10494200140237808 1.1021838188171387 0.70747208595275879 1.2578858137130737 0 1/00217.png

223 0.34709030389785767 0.82069152593612671 -0.4397522509098053 0.11230189353227615 1.0788288116455078 0.70766478776931763 1.2756606340408325 0 1/00219.png

224 0.34258055686950684 0.82001805305480957 -0.44393682479858398 0.11458239704370499 1.0757510662078857 0.70221042633056641 1.2795788049697876 0 1/00221.png

225 0.34787115454673767 0.81875127553939819 -0.44173216819763184 0.11620970815420151 1.071876049041748 0.72899413108825684 1.2563151121139526 0 1/00223.png

226 0.34305331110954285 0.8142741322517395 -0.45054882764816284 0.12758421897888184 0.97801858186721802 0.72581684589385986 1.2693119049072266 0 1/00229.png

227 0.34761738777160645 0.8182830810546875 -0.43949541449546814 0.12813557684421539 1.006981372833252 0.75896251201629639 1.2582765817642212 0 1/00226.png

228 0.33769434690475464 0.7991783618927002 -0.48036995530128479 0.1285349577665329 0.91208988428115845 0.62073063850402832 1.2894757986068726 0 1/00234.png

229 0.33652216196060181 0.80534118413925171 -0.47067913413047791 0.12899436056613922 0.91899687051773071 0.65923160314559937 1.2908773422241211 0 1/00233.png

230 0.34379205107688904 0.81759375333786011 -0.44339513778686523 0.12941531836986542 0.9927559494972229 0.75412720441818237 1.2692666053771973 0 1/00227.png

231 0.34690758585929871 0.81601673364639282 -0.44464966654777527 0.1267215758562088 0.98756331205368042 0.74204504489898682 1.2649540901184082 0 1/00228.png

232 0.34570398926734924 0.80495363473892212 -0.46447440981864929 0.12962222099304199 0.93873149156570435 0.68466329574584961 1.267896294593811 0 1/00232.png

233 0.34346473217010498 0.81190222501754761 -0.45402407646179199 0.12926337122917175 0.96643584966659546 0.71638667583465576 1.2702749967575073 0 1/00230.png

234 0.33655127882957458 0.81148982048034668 -0.46011814475059509 0.12848645448684692 0.95047348737716675 0.69291180372238159 1.2878971099853516 0 1/00231.png

235 0.33654949069023132 0.79740846157073975 -0.48640221357345581 0.11952841281890869 0.91159433126449585 0.58043307065963745 1.2889639139175415 0 1/00235.png

236 0.33374801278114319 0.79582518339157104 -0.48976421356201172 0.12411909550428391 0.87806946039199829 0.56921118497848511 1.2870538234710693 0 1/00236.png

237 0.30857321619987488 0.78983408212661743 -0.51762086153030396 0.114075668156147 0.84841424226760864 0.4305608868598938 1.3461014032363892 0 1/00239.png

238 0.32012787461280823 0.79001027345657349 -0.50869697332382202 0.12095161527395248 0.84608751535415649 0.47959980368614197 1.325170636177063 0 1/00238.png

239 0.32144218683242798 0.79282855987548828 -0.50125372409820557 0.1297786682844162 0.84398025274276733 0.52683109045028687 1.323394775390625 0 1/00237.png

240 0.30415651202201843 0.78459352254867554 -0.53253632783889771 0.091141767799854279 0.858623206615448 0.32557401061058044 1.3402755260467529 0 1/00242.png

241 0.25025606155395508 0.81165915727615356 -0.51827067136764526 0.099884182214736938 0.7609068751335144 0.19349029660224915 1.4144771099090576 0 1/00249.png

242 0.28386753797531128 0.7914009690284729 -0.53381425142288208 0.090255945920944214 0.81828933954238892 0.26391655206680298 1.3722574710845947 0 1/00245.png

243 0.3064633309841156 0.78717660903930664 -0.52503007650375366 0.10381051152944565 0.85965138673782349 0.3869515061378479 1.3442327976226807 0 1/00240.png

244 0.30719584226608276 0.78485792875289917 -0.52988201379776001 0.094095043838024139 0.86425429582595825 0.35056906938552856 1.3373280763626099 0 1/00241.png

245 0.23350845277309418 0.83048588037490845 -0.4953911304473877 0.10175769031047821 0.74789720773696899 0.13679522275924683 1.4198486804962158 0 1/00252.png

246 0.24567317962646484 0.81826162338256836 -0.50931769609451294 0.10338295251131058 0.7510184645652771 0.1811881959438324 1.4142132997512817 0 1/00250.png

247 0.27136164903640747 0.79812729358673096 -0.5301203727722168 0.091257296502590179 0.80197972059249878 0.24514812231063843 1.3886396884918213 0 1/00246.png

248 0.23586149513721466 0.83905708789825439 -0.48184692859649658 0.090421915054321289 0.76524978876113892 0.1257893443107605 1.4049522876739502 0 1/00253.png

249 0.26574379205703735 0.80117523670196533 -0.52727556228637695 0.097360260784626007 0.7849617600440979 0.2330937385559082 1.3979575634002686 0 1/00247.png

250 0.24296502768993378 0.82395446300506592 -0.50167417526245117 0.10193169862031937 0.7536812424659729 0.16377940773963928 1.4123897552490234 0 1/00251.png

251 0.25561565160751343 0.80708348751068115 -0.52295041084289551 0.098993748426437378 0.76790720224380493 0.21613538265228271 1.4093610048294067 0 1/00248.png

252 0.29033815860748291 0.78831589221954346 -0.5346444845199585 0.091744624078273773 0.82833164930343628 0.28519487380981445 1.3633301258087158 0 1/00244.png

253 0.30124375224113464 0.78521549701690674 -0.53320896625518799 0.091525599360466003 0.84769409894943237 0.31061956286430359 1.3435961008071899 0 1/00243.png

254 0.23537403345108032 0.85342085361480713 -0.45842713117599487 0.078207783401012421 0.78138762712478638 0.12122929096221924 1.3909238576889038 0 1/00255.png

255 0.23192583024501801 0.84726476669311523 -0.47061282396316528 0.082924164831638336 0.7754548192024231 0.11542171239852905 1.3988697528839111 0 1/00254.png

256 0.2449047714471817 0.87091308832168579 -0.4196702241897583 0.073546230792999268 0.78277212381362915 0.16310325264930725 1.3810838460922241 0 1/00258.png

257 0.24104522168636322 0.86458355188369751 -0.43410870432853699 0.077085055410861969 0.77713936567306519 0.14718419313430786 1.385176420211792 0 1/00257.png

258 0.24963192641735077 0.88588762283325195 -0.38559672236442566 0.06482415646314621 0.79685729742050171 0.18017539381980896 1.3745403289794922 0 1/00261.png

259 0.24538689851760864 0.88232314586639404 -0.39576944708824158 0.06824735552072525 0.79393428564071655 0.17442694306373596 1.3798782825469971 0 1/00260.png

260 0.24452325701713562 0.8961021900177002 -0.36587697267532349 0.05782124400138855 0.78622466325759888 0.16743016242980957 1.3754124641418457 0 1/00263.png

261 0.24747626483440399 0.89141058921813965 -0.37542185187339783 0.056579150259494781 0.80197209119796753 0.17072176933288574 1.374247670173645 0 1/00262.png

262 0.24421370029449463 0.87805253267288208 -0.40586835145950317 0.068222634494304657 0.79188054800033569 0.16798821091651917 1.3799335956573486 0 1/00259.png

263 0.23832494020462036 0.86110013723373413 -0.44273117184638977 0.075477391481399536 0.78098481893539429 0.13463413715362549 1.3843610286712646 0 1/00256.png

264 0.25067147612571716 0.89792090654373169 -0.35766345262527466 0.054578099399805069 0.7653159499168396 0.16682761907577515 1.377264142036438 0 1/00265.png

265 0.25724992156028748 0.89908689260482788 -0.35073539614677429 0.049495857208967209 0.76574712991714478 0.17349341511726379 1.3704689741134644 0 1/00266.png

266 0.25086253881454468 0.89519429206848145 -0.36398354172706604 0.056666631251573563 0.77750271558761597 0.16805422306060791 1.3750283718109131 0 1/00264.png

267 0.2639375627040863 0.9003218412399292 -0.34258043766021729 0.048951704055070877 0.760387122631073 0.19143211841583252 1.3650985956192017 0 1/00267.png

268 0.26847690343856812 0.90177369117736816 -0.33516588807106018 0.048869915306568146 0.75747197866439819 0.21030905842781067 1.3686937093734741 0 1/00268.png

269 0.29607602953910828 0.91360735893249512 -0.27494338154792786 0.045460358262062073 0.69208425283432007 0.31796067953109741 1.3657578229904175 0 1/00275.png

270 0.28770637512207031 0.91268694400787354 -0.28704988956451416 0.042778335511684418 0.72248274087905884 0.28671464323997498 1.3705602884292603 0 1/00273.png

271 0.28075757622718811 0.90975379943847656 -0.30275604128837585 0.043150488287210464 0.74281996488571167 0.26092928647994995 1.3646993637084961 0 1/00271.png

272 0.28847566246986389 0.91434848308563232 -0.28077894449234009 0.043723259121179581 0.70569449663162231 0.29441419243812561 1.3699702024459839 0 1/00274.png

273 0.28771916031837463 0.91042429208755493 -0.29390132427215576 0.044355981051921844 0.73361474275588989 0.28441685438156128 1.3640842437744141 0 1/00272.png

274 0.27796247601509094 0.90702849626541138 -0.31324735283851624 0.043729998171329498 0.75308257341384888 0.24082785844802856 1.3622919321060181 0 1/00270.png

275 0.29566296935081482 0.9150424599647522 -0.27090531587600708 0.043485019356012344 0.68316417932510376 0.32070273160934448 1.3749357461929321 0 1/00276.png

276 0.29837483167648315 0.91680997610092163 -0.26213598251342773 0.041433349251747131 0.6715351939201355 0.32990995049476624 1.3652080297470093 0 1/00277.png

277 0.30663061141967773 0.91678708791732788 -0.25292518734931946 0.038831774145364761 0.66341394186019897 0.35528746247291565 1.3610366582870483 0 1/00279.png

278 0.27129501104354858 0.90376681089401245 -0.32784765958786011 0.046047795563936234 0.76065331697463989 0.2203252911567688 1.3720324039459229 0 1/00269.png

279 0.30535015463829041 0.91752088069915771 -0.252248615026474 0.035879597067832947 0.65616995096206665 0.35215383768081665 1.3646789789199829 0 1/00280.png

280 0.3040461540222168 0.91639417409896851 -0.25759115815162659 0.037741854786872864 0.67154413461685181 0.34620648622512817 1.3586287498474121 0 1/00278.png

281 0.30790883302688599 0.91864174604415894 -0.24494490027427673 0.035937704145908356 0.61172175407409668 0.36208045482635498 1.3592853546142578 0 1/00282.png

282 0.30505546927452087 0.91723710298538208 -0.25337827205657959 0.037638992071151733 0.63918524980545044 0.35279840230941772 1.3697793483734131 0 1/00281.png

283 0.31200060248374939 0.91684800386428833 -0.24599407613277435 0.039145193994045258 0.56634038686752319 0.37901976704597473 1.3676761388778687 0 1/00284.png

284 0.30802339315414429 0.91857850551605225 -0.2445506751537323 0.039115935564041138 0.58234083652496338 0.37083575129508972 1.3653444051742554 0 1/00283.png

285 0.32171335816383362 0.91622024774551392 -0.23623193800449371 0.035150706768035889 0.52243226766586304 0.42173045873641968 1.3644073009490967 0 1/00287.png

286 0.31015285849571228 0.91948723793029785 -0.23874180018901825 0.036754868924617767 0.54988610744476318 0.37970456480979919 1.3720313310623169 0 1/00285.png

287 0.32216331362724304 0.91630041599273682 -0.23536516726016998 0.034750726073980331 0.50928932428359985 0.42874670028686523 1.3770884275436401 0 1/00288.png

288 0.31685325503349304 0.91708159446716309 -0.23922377824783325 0.036569502204656601 0.53691989183425903 0.39635676145553589 1.3600382804870605 0 1/00286.png

289 0.3325921893119812 0.92127639055252075 -0.19851867854595184 0.034966070204973221 0.3817334771156311 0.54783707857131958 1.3964534997940063 0 1/00293.png

290 0.32336530089378357 0.9178091287612915 -0.22788205742835999 0.033630769699811935 0.48477643728256226 0.44411066174507141 1.3735044002532959 0 1/00289.png

291 0.32752108573913574 0.91655218601226807 -0.22696478664875031 0.033896509557962418 0.46436363458633423 0.47282469272613525 1.3762909173965454 0 1/00290.png

292 0.32928401231765747 0.91987389326095581 -0.21010741591453552 0.035479743033647537 0.41195797920227051 0.51719975471496582 1.3954983949661255 0 1/00292.png

293 0.33747759461402893 0.92142879962921143 -0.18930834531784058 0.035218186676502228 0.35562002658843994 0.57586348056793213 1.3993338346481323 0 1/00294.png

294 0.34741464257240295 0.92430669069290161 -0.15345750749111176 0.037562157958745956 0.27405714988708496 0.67396676540374756 1.4307858943939209 0 1/00299.png

295 0.32958132028579712 0.91811978816986084 -0.21726152300834656 0.035064980387687683 0.4376487135887146 0.49959781765937805 1.3895432949066162 0 1/00291.png

296 0.34251341223716736 0.92165219783782959 -0.17896731197834015 0.034820079803466797 0.33055990934371948 0.61172598600387573 1.4052708148956299 0 1/00296.png

297 0.3403623104095459 0.92564529180526733 -0.16167974472045898 0.034553039819002151 0.29841369390487671 0.64754951000213623 1.4415714740753174 0 1/00298.png

298 0.33831882476806641 0.92240822315216064 -0.18326100707054138 0.033449243754148483 0.34037363529205322 0.5905221700668335 1.4061484336853027 0 1/00295.png

299 0.34317222237586975 0.92271453142166138 -0.17182369530200958 0.036157399415969849 0.31584155559539795 0.63458192348480225 1.4202579259872437 0 1/00297.png

300 0.35397982597351074 0.92403888702392578 -0.13857406377792358 0.040590722113847733 0.23453831672668457 0.71999472379684448 1.4474626779556274 0 1/00301.png

301 0.35865131020545959 0.92242902517318726 -0.13740327954292297 0.040176767855882645 0.24114978313446045 0.745036780834198 1.4485584497451782 0 1/00302.png

302 0.3698672354221344 0.9190673828125 -0.13009141385555267 0.039870165288448334 0.24892264604568481 0.78534722328186035 1.435354471206665 0 1/00303.png

303 0.36998257040977478 0.9198574423789978 -0.12485571205615997 0.037233036011457443 0.27091032266616821 0.81064116954803467 1.4624960422515869 0 1/00304.png

304 0.37310141324996948 0.91996020078659058 -0.11769890040159225 0.02480609342455864 0.31059187650680542 0.82328736782073975 1.47496497631073 0 1/00305.png

305 0.35005050897598267 0.92442089319229126 -0.14607682824134827 0.039650779217481613 0.24992120265960693 0.69991040229797363 1.4419006109237671 0 1/00300.png

306 0.37572950124740601 0.92220377922058105 -0.091373197734355927 0.0042956527322530746 0.35588371753692627 0.84385031461715698 1.4861348867416382 0 1/00307.png

307 0.37477120757102966 0.92138147354125977 -0.10236384719610214 0.011149079538881779 0.34047913551330566 0.83281528949737549 1.4791247844696045 0 1/00306.png

308 0.380403071641922 0.92206060886383057 -0.071150936186313629 -0.0059387818910181522 0.3523293137550354 0.88751763105392456 1.4992125034332275 0 1/00309.png

309 0.37673810124397278 0.92270588874816895 -0.081431537866592407 -0.0071550533175468445 0.36767852306365967 0.86361038684844971 1.4916121959686279 0 1/00308.png

310 0.38026589155197144 0.92291414737701416 -0.059640597552061081 -0.0083887344226241112 0.32347160577774048 0.90212428569793701 1.5088109970092773 0 1/00310.png

311 0.38804981112480164 0.92058920860290527 -0.043388187885284424 -0.0070887245237827301 0.2808498740196228 0.93880379199981689 1.5098820924758911 0 1/00312.png

312 0.38422763347625732 0.92150747776031494 -0.056331619620323181 -0.0044394847936928272 0.30899995565414429 0.92171710729598999 1.5077745914459229 0 1/00311.png

313 0.38587939739227295 0.92239660024642944 -0.016300894320011139 0.0039968122728168964 0.16513317823410034 0.98392808437347412 1.5571495294570923 0 1/00315.png

314 0.38582664728164673 0.92188715934753418 -0.034771282225847244 -0.0072679519653320312 0.25372368097305298 0.94894611835479736 1.5335381031036377 0 1/00313.png

315 0.38629364967346191 0.92202287912368774 -0.024847211316227913 -0.0057919006794691086 0.22237718105316162 0.95367395877838135 1.538985013961792 0 1/00314.png

316 0.39488020539283752 0.91856575012207031 -0.01156288105994463 0.013146653771400452 0.095865488052368164 1.0312864780426025 1.5477014780044556 0 1/00316.png

317 0.41553112864494324 0.90879362821578979 0.0050947098061442375 0.037446301430463791 -0.058518469333648682 1.1346704959869385 1.493281364440918 0 1/00318.png

318 0.40168225765228271 0.9153321385383606 -0.0079351039603352547 0.027484627440571785 0.024518400430679321 1.0738791227340698 1.5364751815795898 0 1/00317.png

319 0.4483923614025116 0.89052039384841919 0.051704186946153641 0.056959215551614761 -0.19790174067020416 1.2601610422134399 1.3999106884002686 0 1/00321.png

320 0.43092107772827148 0.90090799331665039 0.016254924237728119 0.049066778272390366 -0.11776930093765259 1.2017008066177368 1.4472788572311401 0 1/00319.png

321 0.44927254319190979 0.88102608919143677 0.14307527244091034 0.038428202271461487 -0.25268679857254028 1.2812414169311523 1.4043864011764526 0 1/00325.png

322 0.4598904550075531 0.882224440574646 0.090561896562576294 0.044489778578281403 -0.19379414618015289 1.3026708364486694 1.3772077560424805 0 1/00323.png

323 0.43719708919525146 0.89714914560317993 0.030023705214262009 0.055504344403743744 -0.15975266695022583 1.2368115186691284 1.4382245540618896 0 1/00320.png

324 0.45554816722869873 0.8859407901763916 0.068494938313961029 0.053788952529430389 -0.19645737111568451 1.2932789325714111 1.3796560764312744 0 1/00322.png

325 0.45230257511138916 0.87657439708709717 0.15974445641040802 0.039004594087600708 -0.29649120569229126 1.2902655601501465 1.3821723461151123 0 1/00326.png

326 0.45463722944259644 0.88174021244049072 0.1197034940123558 0.038861129432916641 -0.21799319982528687 1.2869610786437988 1.3964178562164307 0 1/00324.png

327 0.45336970686912537 0.87184566259384155 0.17971122264862061 0.04522111639380455 -0.36418655514717102 1.2954974174499512 1.3722676038742065 0 1/00327.png

328 0.44398027658462524 0.85836035013198853 0.25009313225746155 0.059602439403533936 -0.47608247399330139 1.1448407173156738 1.3660988807678223 0 1/00331.png

329 0.45867037773132324 0.86496615409851074 0.19653773307800293 0.053178157657384872 -0.42768317461013794 1.2857855558395386 1.3261262178421021 0 1/00328.png

330 0.45623689889907837 0.85639464855194092 0.2342199981212616 0.059809640049934387 -0.47737401723861694 1.2260198593139648 1.3397340774536133 0 1/00330.png

331 0.42599344253540039 0.86352634429931641 0.26321882009506226 0.05972941592335701 -0.47101494669914246 1.0790265798568726 1.4035236835479736 0 1/00332.png

332 0.46291175484657288 0.85830962657928467 0.2145550400018692 0.054620735347270966 -0.46144545078277588 1.27748703956604 1.3027278184890747 0 1/00329.png

333 0.41208773851394653 0.86644524335861206 0.27573993802070618 0.058513522148132324 -0.46725797653198242 1.0259122848510742 1.4288283586502075 0 1/00333.png

334 0.37326911091804504 0.88384580612182617 0.28119474649429321 0.020402448251843452 -0.35254371166229248 0.89771342277526855 1.4926263093948364 0 1/00337.png

335 0.36333188414573669 0.88757336139678955 0.28015193343162537 -0.041452571749687195 -0.22842016816139221 0.90659260749816895 1.4958362579345703 0 1/00339.png

336 0.36229139566421509 0.88726544380187988 0.2731177806854248 -0.08313644677400589 -0.14377190172672272 0.91739952564239502 1.502941370010376 0 1/00341.png

337 0.40133219957351685 0.86829394102096558 0.28634822368621826 0.054797310382127762 -0.46822744607925415 0.96915137767791748 1.4382116794586182 0 1/00334.png

338 0.36744779348373413 0.88758569955825806 0.2777731716632843 -0.0039801313541829586 -0.28824043273925781 0.89591109752655029 1.4990766048431396 0 1/00338.png

339 0.38407784700393677 0.87793189287185669 0.28389886021614075 0.033484548330307007 -0.40395987033843994 0.92067468166351318 1.4628524780273438 0 1/00336.png

340 0.38934546709060669 0.87402868270874023 0.28572884202003479 0.053319860249757767 -0.44552907347679138 0.9332205057144165 1.4503281116485596 0 1/00335.png

341 0.35930809378623962 0.88790327310562134 0.28049138188362122 -0.062049433588981628 -0.18858583271503448 0.9105374813079834 1.5100085735321045 0 1/00340.png

342 0.35154774785041809 0.89057737588882446 0.2706608772277832 -0.10014350712299347 -0.10520094633102417 0.89825934171676636 1.534773588180542 0 1/00342.png

343 0.35373103618621826 0.88783127069473267 0.27291890978813171 -0.11020585149526596 -0.095130115747451782 0.89299601316452026 1.5226043462753296 0 1/00343.png

344 0.35504746437072754 0.8859325647354126 0.27340880036354065 -0.11963436752557755 -0.084147989749908447 0.90086978673934937 1.526283860206604 0 1/00344.png

345 0.36033171415328979 0.88403105735778809 0.26599201560020447 -0.13378484547138214 -0.070610165596008301 0.91007351875305176 1.5179449319839478 0 1/00345.png

346 0.36062672734260559 0.88350099325180054 0.2636568546295166 -0.14092352986335754 -0.061291009187698364 0.90889942646026611 1.5255987644195557 0 1/00346.png

347 0.36743968725204468 0.87710767984390259 0.25634986162185669 -0.17307519912719727 -0.017146378755569458 0.92292338609695435 1.5153428316116333 0 1/00348.png

348 0.37989109754562378 0.86924058198928833 0.24262188374996185 -0.20307189226150513 -0.0039814114570617676 0.94045770168304443 1.5023208856582642 0 1/00351.png

349 0.36192524433135986 0.88150304555892944 0.2596915066242218 -0.15659753978252411 -0.03084099292755127 0.91363233327865601 1.5256589651107788 0 1/00347.png

350 0.37684640288352966 0.87162399291992188 0.24458350241184235 -0.19605456292629242 0.0010336041450500488 0.94016826152801514 1.5031784772872925 0 1/00350.png

351 0.39738589525222778 0.85947781801223755 0.23325963318347931 -0.22129660844802856 -0.014614313840866089 0.96985828876495361 1.4706230163574219 0 1/00353.png

352 0.40027379989624023 0.85818833112716675 0.23481664061546326 -0.21944242715835571 -0.057690650224685669 0.95416760444641113 1.4732964038848877 0 1/00354.png

353 0.43224203586578369 0.84716314077377319 0.22489006817340851 -0.21190987527370453 -0.19262838363647461 0.97173887491226196 1.4115937948226929 0 1/00357.png

354 0.37120798230171204 0.87545788288116455 0.25149047374725342 -0.18036280572414398 -0.014062464237213135 0.93073511123657227 1.5140024423599243 0 1/00349.png

355 0.41038000583648682 0.85519295930862427 0.22943870723247528 -0.21815377473831177 -0.10123270750045776 0.96187072992324829 1.4497531652450562 0 1/00355.png

356 0.43806150555610657 0.84410041570663452 0.22412638366222382 -0.21298800408840179 -0.21620307862758636 0.96569186449050903 1.4065709114074707 0 1/00358.png

357 0.43495073914527893 0.84674805402755737 0.22636201977729797 -0.20638754963874817 -0.24266764521598816 0.93206882476806641 1.430673360824585 0 1/00359.png

358 0.38816910982131958 0.86397027969360352 0.23938314616680145 -0.21348491311073303 -0.0073930323123931885 0.95714294910430908 1.4840099811553955 0 1/00352.png

359 0.41729080677032471 0.84852147102355957 0.23906475305557251 -0.22074371576309204 -0.22610682249069214 0.79485273361206055 1.532611608505249 0 1/00363.png

360 0.42386192083358765 0.85134828090667725 0.22292882204055786 -0.21412576735019684 -0.14840051531791687 0.97605663537979126 1.4221590757369995 0 1/00356.png

361 0.4046892523765564 0.84898251295089722 0.26695364713668823 -0.21021656692028046 -0.28990954160690308 0.69841080904006958 1.6208342313766479 0 1/00366.png

362 0.40093931555747986 0.85174870491027832 0.2527574896812439 -0.22335037589073181 -0.21571171283721924 0.73430401086807251 1.5912314653396606 0 1/00364.png

363 0.430125892162323 0.84684950113296509 0.23137560486793518 -0.21048253774642944 -0.25266960263252258 0.86701011657714844 1.4670267105102539 0 1/00361.png

364 0.43591311573982239 0.84475761651992798 0.22757081687450409 -0.21112997829914093 -0.24945648014545441 0.90378659963607788 1.4350211620330811 0 1/00360.png

365 0.3987177312374115 0.8511587381362915 0.25832468271255493 -0.2232067883014679 -0.23211365938186646 0.71729171276092529 1.6124231815338135 0 1/00365.png

366 0.42495745420455933 0.84863048791885376 0.232221320271492 -0.21286307275295258 -0.24536566436290741 0.83663225173950195 1.496332049369812 0 1/00362.png

367 0.40480479598045349 0.85136967897415161 0.27717018127441406 -0.18568645417690277 -0.42156302928924561 0.63182371854782104 1.6580915451049805 0 1/00369.png

368 0.40615841746330261 0.84674477577209473 0.28631144762039185 -0.18995910882949829 -0.42859691381454468 0.61442446708679199 1.6965975761413574 0 1/00371.png

369 0.40706035494804382 0.84953784942626953 0.26989302039146423 -0.19936138391494751 -0.34605327248573303 0.67680329084396362 1.632027268409729 0 1/00367.png

370 0.40704914927482605 0.85156917572021484 0.27266997098922729 -0.1865260899066925 -0.40069174766540527 0.63970464468002319 1.6415042877197266 0 1/00368.png

371 0.41044679284095764 0.84729921817779541 0.28003647923469543 -0.18760883808135986 -0.42977723479270935 0.63737952709197998 1.6677387952804565 0 1/00370.png

372 0.406058669090271 0.84575897455215454 0.28961145877838135 -0.1895606517791748 -0.46521738171577454 0.58050668239593506 1.711878776550293 0 1/00373.png

373 0.39814695715904236 0.85034579038619995 0.2937854528427124 -0.17911183834075928 -0.52093446254730225 0.51015973091125488 1.7430665493011475 0 1/00375.png

374 0.40517240762710571 0.84719091653823853 0.28837850689888 -0.18692447245121002 -0.44211018085479736 0.59016561508178711 1.709600567817688 0 1/00372.png

375 0.40010052919387817 0.84979718923568726 0.2986162006855011 -0.16909366846084595 -0.59295052289962769 0.48936945199966431 1.744652271270752 0 1/00377.png

376 0.39993065595626831 0.84649085998535156 0.30812311172485352 -0.16902327537536621 -0.6114313006401062 0.46136632561683655 1.7622882127761841 0 1/00378.png

377 0.39629852771759033 0.84521925449371338 0.31817781925201416 -0.16527171432971954 -0.63226652145385742 0.41786718368530273 1.7726184129714966 0 1/00379.png

378 0.40504661202430725 0.84709292650222778 0.29045096039772034 -0.1844155490398407 -0.49806028604507446 0.55661016702651978 1.7243802547454834 0 1/00374.png

379 0.3997916579246521 0.83932667970657349 0.33006629347801208 -0.16356536746025085 -0.67385804653167725 0.40816909074783325 1.7914190292358398 0 1/00381.png

380 0.3962002694606781 0.84515231847763062 0.32097634673118591 -0.16036529839038849 -0.66035878658294678 0.41134545207023621 1.775079607963562 0 1/00380.png

381 0.39655095338821411 0.83805453777313232 0.33576095104217529 -0.1663622260093689 -0.67322027683258057 0.3785271942615509 1.8116434812545776 0 1/00383.png

382 0.39452892541885376 0.83356177806854248 0.34305471181869507 -0.17842406034469604 -0.64036935567855835 0.38318467140197754 1.8424363136291504 0 1/00384.png

383 0.3979543149471283 0.83971309661865234 0.33250093460083008 -0.16111302375793457 -0.68089461326599121 0.38435643911361694 1.803814172744751 0 1/00382.png

384 0.39569464325904846 0.8520779013633728 0.2955859899520874 -0.17325697839260101 -0.55572158098220825 0.48645621538162231 1.7418844699859619 0 1/00376.png

385 0.38939136266708374 0.82634222507476807 0.3563142716884613 -0.19639992713928223 -0.5820319652557373 0.37532785534858704 1.8940718173980713 0 1/00386.png

386 0.38673096895217896 0.82140618562698364 0.3693658709526062 -0.19824180006980896 -0.59426021575927734 0.34474372863769531 1.9398630857467651 0 1/00389.png

387 0.38731461763381958 0.82160437107086182 0.36672639846801758 -0.20116029679775238 -0.58192253112792969 0.3571697473526001 1.9257674217224121 0 1/00388.png

388 0.39057320356369019 0.82920253276824951 0.35168340802192688 -0.19024841487407684 -0.60031569004058838 0.37650978565216064 1.8744510412216187 0 1/00385.png

389 0.38580602407455444 0.81742441654205322 0.37980431318283081 -0.19677329063415527 -0.60861223936080933 0.31556215882301331 1.9532337188720703 0 1/00390.png

390 0.38783803582191467 0.82293713092803955 0.36349308490753174 -0.20057159662246704 -0.57921916246414185 0.36560317873954773 1.9134883880615234 0 1/00387.png

391 0.3853079080581665 0.81311309337615967 0.38834914565086365 -0.19892191886901855 -0.61077296733856201 0.30032667517662048 1.9599013328552246 0 1/00391.png

392 0.38530021905899048 0.80211848020553589 0.40778416395187378 -0.20460145175457001 -0.59971702098846436 0.27216324210166931 1.9974609613418579 0 1/00394.png

393 0.38567239046096802 0.80329912900924683 0.40449142456054688 -0.20580065250396729 -0.60561448335647583 0.28165817260742188 1.9852571487426758 0 1/00393.png

394 0.38531368970870972 0.79860973358154297 0.41459164023399353 -0.20462052524089813 -0.59713000059127808 0.2625083327293396 2.0145168304443359 0 1/00395.png

395 0.38460391759872437 0.78789222240447998 0.43048134446144104 -0.21445609629154205 -0.57423138618469238 0.24790835380554199 2.0483434200286865 0 1/00397.png

396 0.3701242208480835 0.78028732538223267 0.45197018980979919 -0.22334419190883636 -0.51075363159179688 0.16935044527053833 2.1328535079956055 0 1/00401.png

397 0.38644939661026001 0.79359340667724609 0.42204320430755615 -0.20675061643123627 -0.59172356128692627 0.25502899289131165 2.0273439884185791 0 1/00396.png

398 0.38775143027305603 0.81052196025848389 0.39188730716705322 -0.19780625402927399 -0.61876493692398071 0.29425680637359619 1.9634823799133301 0 1/00392.png

399 0.37367606163024902 0.78525501489639282 0.44290128350257874 -0.21812671422958374 -0.53770077228546143 0.19091883301734924 2.0977978706359863 0 1/00399.png

400 0.37233650684356689 0.78384530544281006 0.44632834196090698 -0.21850195527076721 -0.52943998575210571 0.1775229275226593 2.1102776527404785 0 1/00400.png

401 0.38167509436607361 0.78681880235671997 0.43417268991470337 -0.21618151664733887 -0.5603252649307251 0.22876453399658203 2.0685873031616211 0 1/00398.png

402 0.35907438397407532 0.77433300018310547 0.46905571222305298 -0.2268495112657547 -0.49650013446807861 0.093322098255157471 2.1881093978881836 0 1/00405.png

403 0.35653531551361084 0.77348107099533081 0.47020649909973145 -0.23133425414562225 -0.48650237917900085 0.10241854190826416 2.1970891952514648 0 1/00406.png

404 0.35883611440658569 0.76903700828552246 0.46965226531028748 -0.24340370297431946 -0.46976494789123535 0.14387309551239014 2.2049765586853027 0 1/00407.png

405 0.3599390983581543 0.77531921863555908 0.46628233790397644 -0.22782601416110992 -0.48021510243415833 0.10623359680175781 2.1714737415313721 0 1/00403.png

406 0.36052373051643372 0.77624952793121338 0.46422374248504639 -0.22793766856193542 -0.480756014585495 0.12884998321533203 2.1732869148254395 0 1/00402.png

407 0.36235296726226807 0.76376104354858398 0.47499993443489075 -0.24442648887634277 -0.48052382469177246 0.16245722770690918 2.210017204284668 0 1/00409.png

408 0.35975518822669983 0.77348250150680542 0.47058498859405518 -0.22550143301486969 -0.49193716049194336 0.093438327312469482 2.1797323226928711 0 1/00404.png

409 0.36114811897277832 0.76560711860656738 0.47350740432739258 -0.24332797527313232 -0.47329503297805786 0.14825436472892761 2.2139158248901367 0 1/00408.png

410 0.36646291613578796 0.75776982307434082 0.47905409336090088 -0.24899215996265411 -0.48677241802215576 0.18734714388847351 2.2061238288879395 0 1/00410.png

411 0.37156203389167786 0.75129926204681396 0.48259437084197998 -0.2541530430316925 -0.49850794672966003 0.22827324271202087 2.190258264541626 0 1/00412.png

412 0.37578478455543518 0.74906355142593384 0.48012253642082214 -0.25917536020278931 -0.49920719861984253 0.27165821194648743 2.181347131729126 0 1/00413.png

413 0.36677670478820801 0.75522142648696899 0.48182219266891479 -0.25092363357543945 -0.48948559165000916 0.19917222857475281 2.2103056907653809 0 1/00411.png

414 0.38032832741737366 0.73228412866592407 0.489632248878479 -0.28172802925109863 -0.46210682392120361 0.355927973985672 2.1603498458862305 0 1/00416.png

415 0.37557607889175415 0.74235051870346069 0.48461711406707764 -0.2701934278011322 -0.47576552629470825 0.29945287108421326 2.1843929290771484 0 1/00414.png

416 0.38302913308143616 0.72039717435836792 0.50124275684356689 -0.28822284936904907 -0.50964236259460449 0.40010210871696472 2.1028101444244385 0 1/00421.png

417 0.38146206736564636 0.72221881151199341 0.49901002645492554 -0.28961306810379028 -0.49458962678909302 0.39768493175506592 2.1226222515106201 0 1/00420.png

418 0.3802381157875061 0.72948372364044189 0.49246835708618164 -0.2841610312461853 -0.46806856989860535 0.36380288004875183 2.162731409072876 0 1/00417.png

419 0.37719058990478516 0.73748171329498291 0.48772841691970825 -0.27562475204467773 -0.46353048086166382 0.32033687829971313 2.1724915504455566 0 1/00415.png

420 0.38185092806816101 0.72891879081726074 0.49388995766639709 -0.28096246719360352 -0.48972946405410767 0.3613850474357605 2.1365189552307129 0 1/00418.png

421 0.3829306960105896 0.72330808639526367 0.4982067346572876 -0.28632041811943054 -0.49455970525741577 0.38636085391044617 2.1235513687133789 0 1/00419.png

422 0.37987276911735535 0.71683520078659058 0.50787168741226196 -0.28967291116714478 -0.53301715850830078 0.40717968344688416 2.0932564735412598 0 1/00423.png

423 0.382557213306427 0.71754723787307739 0.50469934940338135 -0.28992179036140442 -0.51918983459472656 0.40950343012809753 2.0971293449401855 0 1/00422.png

424 0.38032922148704529 0.7235945463180542 0.49895274639129639 -0.28776174783706665 -0.65436851978302002 0.48410099744796753 2.030315637588501 0 1/00428.png

425 0.37792757153511047 0.71955347061157227 0.50646060705184937 -0.28794306516647339 -0.57728439569473267 0.42235690355300903 2.0708770751953125 0 1/00425.png

426 0.37840628623962402 0.72593414783477783 0.498700350522995 -0.28482681512832642 -0.67244374752044678 0.4822508692741394 2.0281472206115723 0 1/00429.png

427 0.37839055061340332 0.71775788068771362 0.50758212804794312 -0.28983557224273682 -0.55174636840820312 0.41343194246292114 2.0813698768615723 0 1/00424.png

428 0.37060409784317017 0.73113775253295898 0.49801251292228699 -0.28297311067581177 -0.70688408613204956 0.50243806838989258 2.0191283226013184 0 1/00432.png

429 0.37597513198852539 0.72042155265808105 0.50706028938293457 -0.28727200627326965 -0.60061633586883545 0.42760580778121948 2.0635180473327637 0 1/00426.png

430 0.37267011404037476 0.72872251272201538 0.49842992424964905 -0.28574135899543762 -0.68911522626876831 0.50099188089370728 2.0223293304443359 0 1/00431.png

431 0.37524425983428955 0.72834628820419312 0.49760451912879944 -0.28476879000663757 -0.68129539489746094 0.48818328976631165 2.0202310085296631 0 1/00430.png

432 0.38091194629669189 0.72236895561218262 0.50080043077468872 -0.28685909509658813 -0.63051527738571167 0.45926040410995483 2.0336835384368896 0 1/00427.png

433 0.36726093292236328 0.7249678373336792 0.51637530326843262 -0.26999559998512268 -0.75831317901611328 0.51013249158859253 2.02358078956604 0 1/00436.png

434 0.36993050575256348 0.7300066351890564 0.50289547443389893 -0.27809685468673706 -0.72922885417938232 0.5031052827835083 2.0138945579528809 0 1/00433.png

435 0.36829555034637451 0.71768969297409058 0.52064377069473267 -0.27966037392616272 -0.73073339462280273 0.56218904256820679 2.0209856033325195 0 1/00438.png

436 0.36797481775283813 0.72267729043960571 0.51697003841400146 -0.2739962637424469 -0.74726974964141846 0.53248322010040283 2.0160059928894043 0 1/00437.png

437 0.3725832998752594 0.72338837385177612 0.51374882459640503 -0.27194327116012573 -0.76107162237167358 0.5190853476524353 2.0179579257965088 0 1/00435.png

438 0.36684104800224304 0.7129974365234375 0.52518391609191895 -0.28503349423408508 -0.71299618482589722 0.58992743492126465 2.02848219871521 0 1/00439.png

439 0.37424165010452271 0.72442871332168579 0.50932824611663818 -0.27519240975379944 -0.75095272064208984 0.51938211917877197 2.0067434310913086 0 1/00434.png

440 0.36663734912872314 0.71217507123947144 0.52515524625778198 -0.28739455342292786 -0.70339703559875488 0.61263471841812134 2.0257911682128906 0 1/00440.png

441 0.37716510891914368 0.70057219266891479 0.53344446420669556 -0.28702273964881897 -0.72421514987945557 0.66239583492279053 1.9965234994888306 0 1/00442.png

442 0.36752015352249146 0.70857930183410645 0.53111416101455688 -0.2841867208480835 -0.71235215663909912 0.62811726331710815 2.0182933807373047 0 1/00441.png

443 0.34809833765029907 0.72297871112823486 0.54328399896621704 -0.24692468345165253 -0.7995373010635376 0.45679053664207458 2.0048856735229492 0 1/00449.png

444 0.38301393389701843 0.70011955499649048 0.53344076871871948 -0.2803102433681488 -0.76636725664138794 0.66403520107269287 1.9680904150009155 0 1/00444.png

445 0.3834540843963623 0.70437461137771606 0.52920210361480713 -0.27706387639045715 -0.78534305095672607 0.66460210084915161 1.9553976058959961 0 1/00445.png

446 0.37018179893493652 0.71434438228607178 0.53277349472045898 -0.26235467195510864 -0.80291414260864258 0.57948338985443115 1.9770267009735107 0 1/00447.png

447 0.32192081212997437 0.73376166820526123 0.56560897827148438 -0.19505752623081207 -0.91007184982299805 0.21482735872268677 1.9700853824615479 0 1/00453.png

448 0.3809579610824585 0.69769364595413208 0.53559178113937378 -0.28501942753791809 -0.74037820100784302 0.66541963815689087 1.9855140447616577 0 1/00443.png

449 0.38114297389984131 0.71002167463302612 0.52561300992965698 -0.27263569831848145 -0.79946142435073853 0.65219920873641968 1.9535295963287354 0 1/00446.png

450 0.33939811587333679 0.72210788726806641 0.55422478914260864 -0.23707385361194611 -0.80693602561950684 0.38452920317649841 2.0124599933624268 0 1/00450.png

451 0.33056643605232239 0.72682052850723267 0.56004071235656738 -0.22093465924263 -0.83806675672531128 0.31200030446052551 2.0062525272369385 0 1/00451.png

452 0.35617163777351379 0.72189778089523315 0.53675961494445801 -0.25277343392372131 -0.80243599414825439 0.50781005620956421 1.9946372509002686 0 1/00448.png

453 0.32631614804267883 0.72942489385604858 0.56426578760147095 -0.20751224458217621 -0.87386369705200195 0.25610235333442688 1.9898924827575684 0 1/00452.png

454 0.31662079691886902 0.73747140169143677 0.56796860694885254 -0.18247970938682556 -0.943401038646698 0.16707870364189148 1.9457464218139648 0 1/00455.png

455 0.30780306458473206 0.74175262451171875 0.57212263345718384 -0.16654103994369507 -0.97388207912445068 0.10590964555740356 1.9203957319259644 0 1/00457.png

456 0.32391571998596191 0.73373246192932129 0.56573408842086792 -0.1914684921503067 -0.92933958768844604 0.2005770206451416 1.9483468532562256 0 1/00454.png

457 0.30689182877540588 0.74502962827682495 0.57337349653244019 -0.14829391241073608 -1.041949987411499 0.046892702579498291 1.8656693696975708 0 1/00459.png

458 0.31103223562240601 0.740123450756073 0.57078832387924194 -0.17226982116699219 -0.96277034282684326 0.13223695755004883 1.92974853515625 0 1/00456.png

459 0.31192153692245483 0.74278569221496582 0.57814222574234009 -0.12932887673377991 -1.1193252801895142 -0.0095104575157165527 1.7991993427276611 0 1/00461.png

460 0.31237858533859253 0.7438163161277771 0.57460916042327881 -0.13777214288711548 -1.0889159440994263 0.023341655731201172 1.8218063116073608 0 1/00460.png

461 0.31148168444633484 0.74360978603363037 0.57843458652496338 -0.12424615770578384 -1.1348567008972168 -0.024909675121307373 1.7844661474227905 0 1/00462.png

462 0.30177256464958191 0.74352240562438965 0.57490593194961548 -0.15997147560119629 -0.99049729108810425 0.067193746566772461 1.9083309173583984 0 1/00458.png

463 0.28871357440948486 0.74797886610031128 0.5857776403427124 -0.1184767410159111 -1.1058332920074463 -0.11342382431030273 1.7802045345306396 0 1/00465.png

464 0.27843266725540161 0.7529255747795105 0.58504831790924072 -0.11531109362840652 -1.0985140800476074 -0.14583510160446167 1.7711026668548584 0 1/00466.png

465 0.30537229776382446 0.74542254209518433 0.57960635423660278 -0.12308350950479507 -1.1275098323822021 -0.044618070125579834 1.7869173288345337 0 1/00463.png

466 0.27584314346313477 0.75405138731002808 0.58574730157852173 -0.1105310320854187 -1.1051716804504395 -0.17021924257278442 1.7474439144134521 0 1/00467.png

467 0.29735264182090759 0.74674892425537109 0.58297747373580933 -0.11867930740118027 -1.1201833486557007 -0.081812083721160889 1.7851780652999878 0 1/00464.png

468 0.27083224058151245 0.75774705410003662 0.58435738086700439 -0.10486122965812683 -1.1135104894638062 -0.19363033771514893 1.7341973781585693 0 1/00468.png

469 0.26546841859817505 0.76719892024993896 0.57641512155532837 -0.093155756592750549 -1.1297717094421387 -0.22729235887527466 1.6781141757965088 0 1/00470.png

470 0.24200104176998138 0.77734589576721191 0.57405823469161987 -0.087326586246490479 -1.0537018775939941 -0.31179696321487427 1.6199468374252319 0 1/00475.png

471 0.26730522513389587 0.76221644878387451 0.58141225576400757 -0.097640983760356903 -1.1235775947570801 -0.21656584739685059 1.7073135375976562 0 1/00469.png

472 0.24355293810367584 0.78218674659729004 0.56690388917922974 -0.086520738899707794 -1.0056431293487549 -0.31765443086624146 1.585107684135437 0 1/00478.png

473 0.26126345992088318 0.76929450035095215 0.57623827457427979 -0.088751919567584991 -1.1232762336730957 -0.25110888481140137 1.6573667526245117 0 1/00471.png

474 0.24529358744621277 0.77840554714202881 0.57115828990936279 -0.087716445326805115 -1.0737378597259521 -0.29318231344223022 1.6297298669815063 0 1/00474.png

475 0.24167181551456451 0.78857547044754028 0.55923610925674438 -0.083656787872314453 -0.94462531805038452 -0.34035968780517578 1.5480951070785522 0 1/00482.png

476 0.24457643926143646 0.7807924747467041 0.56824886798858643 -0.087399356067180634 -1.0402944087982178 -0.30307865142822266 1.6027195453643799 0 1/00476.png

477 0.24997818470001221 0.77375000715255737 0.57559973001480103 -0.086641699075698853 -1.0890200138092041 -0.28929436206817627 1.637694239616394 0 1/00473.png

478 0.25344580411911011 0.77104949951171875 0.57722079753875732 -0.089800171554088593 -1.1027429103851318 -0.27047055959701538 1.6564880609512329 0 1/00472.png

479 0.24348244071006775 0.78706294298171997 0.56067955493927002 -0.082985401153564453 -0.96542292833328247 -0.3347313404083252 1.5544816255569458 0 1/00481.png

480 0.24538463354110718 0.79179346561431885 0.55284470319747925 -0.084924764931201935 -0.93161511421203613 -0.32804250717163086 1.5379345417022705 0 1/00483.png

481 0.24242641031742096 0.79336005449295044 0.55197703838348389 -0.084442541003227234 -0.91331344842910767 -0.33866506814956665 1.5360844135284424 0 1/00484.png

482 0.24195359647274017 0.78130191564559937 0.56866556406021118 -0.087437048554420471 -1.0209207534790039 -0.31344312429428101 1.5969274044036865 0 1/00477.png

483 0.24485225975513458 0.78519672155380249 0.56249463558197021 -0.084340699017047882 -0.9807242751121521 -0.32487386465072632 1.5626966953277588 0 1/00480.png

484 0.24321664869785309 0.78342276811599731 0.56533664464950562 -0.086538307368755341 -0.98918706178665161 -0.3226427435874939 1.5741909742355347 0 1/00479.png

485 0.24051204323768616 0.79608291387557983 0.5485953688621521 -0.086309023201465607 -0.89438194036483765 -0.34091818332672119 1.531430721282959 0 1/00485.png

486 0.23129193484783173 0.80237573385238647 0.54305654764175415 -0.088243380188941956 -0.85416549444198608 -0.36048245429992676 1.5255733728408813 0 1/00487.png

487 0.22561015188694 0.80627942085266113 0.5385054349899292 -0.095002152025699615 -0.78442668914794922 -0.36794090270996094 1.520783543586731 0 1/00490.png

488 0.21974502503871918 0.80993437767028809 0.53556174039840698 -0.09429747611284256 -0.74806475639343262 -0.3716580867767334 1.519135594367981 0 1/00492.png

489 0.23001545667648315 0.80515897274017334 0.53939163684844971 -0.088704675436019897 -0.83536231517791748 -0.36250972747802734 1.518486499786377 0 1/00488.png

490 0.23725730180740356 0.79943227767944336 0.54519569873809814 -0.085899338126182556 -0.87835752964019775 -0.34968400001525879 1.5256944894790649 0 1/00486.png

491 0.22149741649627686 0.80693864822387695 0.53919154405593872 -0.095191657543182373 -0.76214414834976196 -0.37478172779083252 1.5219408273696899 0 1/00491.png

492 0.22486014664173126 0.80740630626678467 0.53726041316986084 -0.094255752861499786 -0.80552035570144653 -0.36406803131103516 1.523809552192688 0 1/00489.png

493 0.21613071858882904 0.80960351228713989 0.53770053386688232 -0.093316070735454559 -0.72870969772338867 -0.38219869136810303 1.5204141139984131 0 1/00493.png

494 0.21555952727794647 0.81039011478424072 0.53644180297851562 -0.095037005841732025 -0.71364033222198486 -0.38097202777862549 1.5197374820709229 0 1/00494.png

495 0.21460853517055511 0.81366938352584839 0.53226679563522339 -0.092613622546195984 -0.70761442184448242 -0.37903285026550293 1.5124382972717285 0 1/00495.png

496 0.21043169498443604 0.81643640995025635 0.52979034185409546 -0.092044971883296967 -0.69515538215637207 -0.38344430923461914 1.5089613199234009 0 1/00496.png

497 0.20598460733890533 0.8201146125793457 0.52550530433654785 -0.093949541449546814 -0.66747033596038818 -0.38345444202423096 1.5057072639465332 0 1/00498.png

498 0.20690752565860748 0.8321223258972168 0.50687694549560547 -0.088528841733932495 -0.65502190589904785 -0.34487652778625488 1.4815397262573242 0 1/00503.png

499 0.20723381638526917 0.81528925895690918 0.53219324350357056 -0.095540039241313934 -0.67287790775299072 -0.38836050033569336 1.5147955417633057 0 1/00497.png

500 0.20444585382938385 0.83146727085113525 0.50895971059799194 -0.088453814387321472 -0.66074472665786743 -0.35992670059204102 1.4828063249588013 0 1/00502.png

501 0.20558486878871918 0.82461029291152954 0.51945579051971436 -0.088985636830329895 -0.66364145278930664 -0.3790668249130249 1.4921265840530396 0 1/00500.png

502 0.20350730419158936 0.82769304513931274 0.51526504755020142 -0.08950389176607132 -0.66102480888366699 -0.37634181976318359 1.4881919622421265 0 1/00501.png

503 0.2025783360004425 0.82250422239303589 0.52337270975112915 -0.092357084155082703 -0.65779364109039307 -0.38449335098266602 1.5014681816101074 0 1/00499.png

504 0.20789356529712677 0.83432257175445557 0.50080114603042603 -0.099419787526130676 -0.62150704860687256 -0.30539017915725708 1.4972285032272339 0 1/00505.png

505 0.22296030819416046 0.83226418495178223 0.49490594863891602 -0.11266344040632248 -0.59334957599639893 -0.21742933988571167 1.5140302181243896 0 1/00508.png

506 0.2476954311132431 0.83584415912628174 0.47221609950065613 -0.13047420978546143 -0.57739365100860596 -0.080942451953887939 1.5242608785629272 0 1/00512.png

507 0.20753724873065948 0.8329816460609436 0.50427401065826416 -0.093688875436782837 -0.63939350843429565 -0.32711219787597656 1.4901292324066162 0 1/00504.png

508 0.21373346447944641 0.83149075508117676 0.50190991163253784 -0.105012446641922 -0.60432398319244385 -0.27630668878555298 1.5047919750213623 0 1/00506.png

509 0.24326798319816589 0.83361893892288208 0.47924181818962097 -0.12738680839538574 -0.57997977733612061 -0.11019998788833618 1.5229344367980957 0 1/00511.png

510 0.23816823959350586 0.83152806758880615 0.4865918755531311 -0.12274071574211121 -0.58620989322662354 -0.1449505090713501 1.5221984386444092 0 1/00510.png

511 0.23272410035133362 0.83233016729354858 0.48989754915237427 -0.11430855095386505 -0.59880536794662476 -0.17973732948303223 1.5120881795883179 0 1/00509.png

512 0.21874649822711945 0.8315659761428833 0.49837642908096313 -0.11076511442661285 -0.59477144479751587 -0.24510127305984497 1.5123295783996582 0 1/00507.png

513 0.2508271336555481 0.84346550703048706 0.45707732439041138 -0.12935265898704529 -0.57937818765640259 -0.046356379985809326 1.5162496566772461 0 1/00515.png

514 0.25038382411003113 0.84107214212417603 0.46161556243896484 -0.12967932224273682 -0.58041542768478394 -0.055862724781036377 1.5200488567352295 0 1/00514.png

515 0.25590857863426208 0.84382611513137817 0.4524807333946228 -0.13315171003341675 -0.57702958583831787 -0.023549020290374756 1.5123752355575562 0 1/00516.png

516 0.25273510813713074 0.83732080459594727 0.46686035394668579 -0.13061502575874329 -0.58134227991104126 -0.061352312564849854 1.5199282169342041 0 1/00513.png

517 0.26198184490203857 0.84805285930633545 0.44261682033538818 -0.12752340734004974 -0.60210216045379639 -0.0014303326606750488 1.5024735927581787 0 1/00518.png

518 0.25936689972877502 0.84443122148513794 0.44931155443191528 -0.13335630297660828 -0.58229273557662964 -0.0082694292068481445 1.5113619565963745 0 1/00517.png

519 0.26684129238128662 0.85331416130065918 0.42972186207771301 -0.12645086646080017 -0.61244755983352661 0.033374428749084473 1.4945259094238281 0 1/00520.png

520 0.26465094089508057 0.85258233547210693 0.43405798077583313 -0.12106584757566452 -0.6208270788192749 0.012139201164245605 1.4884740114212036 0 1/00519.png

521 0.2668948769569397 0.85567909479141235 0.42436838150024414 -0.12842085957527161 -0.60480856895446777 0.044847726821899414 1.4968852996826172 0 1/00521.png

522 0.26598724722862244 0.85971516370773315 0.4170859158039093 -0.1272004097700119 -0.59919869899749756 0.054298758506774902 1.4971497058868408 0 1/00523.png

523 0.26682347059249878 0.85616391897201538 0.423106849193573 -0.12949599325656891 -0.59912747144699097 0.048102140426635742 1.4989801645278931 0 1/00522.png

524 0.27526131272315979 0.87394040822982788 0.38252559304237366 -0.11888489872217178 -0.64290857315063477 0.1070026159286499 1.480190634727478 0 1/00530.png

525 0.26939931511878967 0.86364930868148804 0.40734866261482239 -0.1249035969376564 -0.6090245246887207 0.069877207279205322 1.4915999174118042 0 1/00525.png

526 0.27401828765869141 0.86804044246673584 0.39557036757469177 -0.12224502116441727 -0.62802457809448242 0.093901693820953369 1.4879250526428223 0 1/00528.png

527 0.27754279971122742 0.87806844711303711 0.37250351905822754 -0.11492206901311874 -0.65865540504455566 0.11998087167739868 1.4722174406051636 0 1/00531.png

528 0.27098298072814941 0.86622917652130127 0.40244787931442261 -0.11937700212001801 -0.62627643346786499 0.075767695903778076 1.4878911972045898 0 1/00527.png

529 0.27720996737480164 0.88351601362228394 0.3603518009185791 -0.11269748210906982 -0.66836398839950562 0.12234216928482056 1.4628369808197021 0 1/00533.png

530 0.27737092971801758 0.88116371631622314 0.36587348580360413 -0.1129266619682312 -0.66563904285430908 0.12025296688079834 1.4672181606292725 0 1/00532.png

531 0.26958209276199341 0.8639683723449707 0.40757739543914795 -0.12151015549898148 -0.61719816923141479 0.066382169723510742 1.4910458326339722 0 1/00526.png

532 0.26618406176567078 0.8609774112701416 0.41402694582939148 -0.12824055552482605 -0.59716939926147461 0.05959320068359375 1.4990055561065674 0 1/00524.png

533 0.27496880292892456 0.87086313962936401 0.390025794506073 -0.11776848882436752 -0.63843262195587158 0.095793485641479492 1.4826673269271851 0 1/00529.png

534 0.27740061283111572 0.89305621385574341 0.33968156576156616 -0.10057782381772995 -0.70245146751403809 0.12403082847595215 1.4327889680862427 0 1/00536.png

535 0.27540063858032227 0.90140044689178467 0.32330778241157532 -0.084283776581287384 -0.73927557468414307 0.11188584566116333 1.4030663967132568 0 1/00539.png

536 0.27480229735374451 0.89961999654769897 0.3281533420085907 -0.08650372177362442 -0.73308873176574707 0.10824680328369141 1.4120128154754639 0 1/00538.png

537 0.27880626916885376 0.89563256502151489 0.33423003554344177 -0.09164939820766449 -0.72389185428619385 0.12089401483535767 1.4218015670776367 0 1/00537.png

538 0.27459055185317993 0.88858145475387573 0.35054367780685425 -0.11019153892993927 -0.67405402660369873 0.12417823076248169 1.4585945606231689 0 1/00534.png

539 0.27372604608535767 0.89084291458129883 0.34729140996932983 -0.10421869903802872 -0.68710851669311523 0.11265820264816284 1.4492784738540649 0 1/00535.png

540 0.27490845322608948 0.90350604057312012 0.31799086928367615 -0.083570107817649841 -0.74278676509857178 0.11644375324249268 1.4008057117462158 0 1/00540.png

541 0.26543799042701721 0.90920764207839966 0.31188687682151794 -0.074904970824718475 -0.74626350402832031 0.094385743141174316 1.3905216455459595 0 1/00542.png

542 0.26931324601173401 0.90710622072219849 0.31434744596481323 -0.07625260204076767 -0.74902892112731934 0.098782658576965332 1.3929888010025024 0 1/00541.png

543 0.27434331178665161 0.90978670120239258 0.30119800567626953 -0.079396054148674011 -0.73968023061752319 0.13850432634353638 1.3825356960296631 0 1/00545.png

544 0.27227315306663513 0.90915960073471069 0.30483514070510864 -0.079823024570941925 -0.73846763372421265 0.12551242113113403 1.3880925178527832 0 1/00544.png

545 0.2710055410861969 0.90798872709274292 0.30936098098754883 -0.080051861703395844 -0.73941338062286377 0.11521607637405396 1.3907430171966553 0 1/00543.png

546 0.28238928318023682 0.90758943557739258 0.29930314421653748 -0.083398632705211639 -0.7382083535194397 0.17000186443328857 1.3843082189559937 0 1/00547.png

547 0.28121104836463928 0.90791952610015869 0.29848173260688782 -0.086666762828826904 -0.72699058055877686 0.1750200092792511 1.3898285627365112 0 1/00549.png

548 0.28181383013725281 0.90849858522415161 0.29771101474761963 -0.081114053726196289 -0.73944187164306641 0.16986396908760071 1.3827641010284424 0 1/00548.png

549 0.27832645177841187 0.90960365533828735 0.29802486300468445 -0.079604245722293854 -0.74190616607666016 0.15831646323204041 1.3801940679550171 0 1/00546.png

550 0.28270819783210754 0.90729629993438721 0.29805493354797363 -0.089736960828304291 -0.71794688701629639 0.18487197160720825 1.3930268287658691 0 1/00550.png

551 0.28148782253265381 0.90899872779846191 0.29570066928863525 -0.083945803344249725 -0.73057913780212402 0.19213169813156128 1.3877066373825073 0 1/00553.png

552 0.28650742769241333 0.90753483772277832 0.29381594061851501 -0.089254297316074371 -0.72420287132263184 0.21619835495948792 1.389403223991394 0 1/00554.png

553 0.29289257526397705 0.90590709447860718 0.28978672623634338 -0.09782564640045166 -0.71647793054580688 0.26886126399040222 1.3920058012008667 0 1/00560.png

554 0.28939029574394226 0.90668147802352905 0.29140466451644897 -0.096256092190742493 -0.71464550495147705 0.2492503821849823 1.3956331014633179 0 1/00558.png

555 0.28221434354782104 0.9073980450630188 0.29925617575645447 -0.086194947361946106 -0.72508245706558228 0.18492281436920166 1.3924875259399414 0 1/00552.png

556 0.28924915194511414 0.90700346231460571 0.29086217284202576 -0.095283851027488708 -0.71584570407867432 0.24310961365699768 1.3942034244537354 0 1/00557.png

557 0.29644593596458435 0.90411609411239624 0.29112362861633301 -0.099704436957836151 -0.7210845947265625 0.28878343105316162 1.389195442199707 0 1/00563.png

558 0.28945314884185791 0.90709108114242554 0.29004734754562378 -0.096306763589382172 -0.71491938829421997 0.25808417797088623 1.3953907489776611 0 1/00559.png

559 0.28737646341323853 0.90754663944244385 0.29243126511573792 -0.090872995555400848 -0.72096377611160278 0.23000183701515198 1.3931260108947754 0 1/00556.png

560 0.28281393647193909 0.90739303827285767 0.2982117235660553 -0.087885953485965729 -0.71970158815383911 0.18745088577270508 1.3924781084060669 0 1/00551.png

561 0.28668388724327087 0.90749138593673706 0.29305288195610046 -0.091606050729751587 -0.71963822841644287 0.22608238458633423 1.39473557472229 0 1/00555.png

562 0.29164937138557434 0.90599614381790161 0.2919619083404541 -0.094179756939411163 -0.72485828399658203 0.26672691106796265 1.3898880481719971 0 1/00561.png

563 0.29376786947250366 0.90501880645751953 0.29164940118789673 -0.09788782149553299 -0.72252041101455688 0.27886402606964111 1.3907936811447144 0 1/00562.png

564 0.29414147138595581 0.90578323602676392 0.2873062789440155 -0.10243318229913712 -0.71135509014129639 0.29854720830917358 1.3900570869445801 0 1/00567.png

565 0.29611623287200928 0.90416616201400757 0.29029551148414612 -0.10260258615016937 -0.71442145109176636 0.29361775517463684 1.3920676708221436 0 1/00564.png

566 0.29693034291267395 0.9049258828163147 0.28735491633415222 -0.10182630270719528 -0.71523261070251465 0.30154794454574585 1.3865566253662109 0 1/00566.png

567 0.29569941759109497 0.90528321266174316 0.28660008311271667 -0.1043286919593811 -0.70751285552978516 0.30288875102996826 1.3888438940048218 0 1/00568.png

568 0.29616883397102356 0.90432703495025635 0.28981277346611023 -0.10239741206169128 -0.71326875686645508 0.29831019043922424 1.3860952854156494 0 1/00570.png

569 0.29536163806915283 0.90518516302108765 0.28831270337104797 -0.10137559473514557 -0.71467649936676025 0.29632776975631714 1.3890632390975952 0 1/00565.png

570 0.29601281881332397 0.90351808071136475 0.29127264022827148 -0.10579098016023636 -0.70640385150909424 0.29761034250259399 1.3912780284881592 0 1/00569.png

571 0.29523554444313049 0.90481364727020264 0.28893440961837769 -0.10327167063951492 -0.71088463068008423 0.30375784635543823 1.3874694108963013 0 1/00573.png

572 0.29615581035614014 0.90432929992675781 0.29001197218894958 -0.10184882581233978 -0.7144390344619751 0.30023729801177979 1.3848423957824707 0 1/00572.png

573 0.29346427321434021 0.90537011623382568 0.29018548130989075 -0.099880307912826538 -0.71728479862213135 0.29277142882347107 1.3864248991012573 0 1/00571.png

