# Image list with two lines of data per image:
#   IMAGE_ID, QW, QX, QY, QZ, TX, TY, TZ, CAMERA_ID, NAME
#   POINTS2D[] as (X, Y, POINT3D_ID)
# Number of images: 573, mean observations per image: 0
1 0.89519023895263672 -0.39122775197029114 0.089565344154834747 0.19378717243671417 -1.5663621425628662 1.2807056903839111 0.88879460096359253 0 1/00004.png

2 0.89062422513961792 -0.40906587243080139 0.093322634696960449 0.1753411591053009 -1.5394400358200073 1.3429591655731201 0.8359035849571228 0 1/00006.png

3 0.88992488384246826 -0.38403230905532837 0.094009190797805786 0.22740955650806427 -1.5967450141906738 1.1798121929168701 0.93810999393463135 0 1/00001.png

4 0.89173442125320435 -0.38593247532844543 0.092047743499279022 0.21769943833351135 -1.5872673988342285 1.20707106590271 0.92071634531021118 0 1/00002.png

5 0.89240247011184692 -0.40202555060386658 0.089520268142223358 0.18433491885662079 -1.5563395023345947 1.3091850280761719 0.84972000122070312 0 1/00005.png

6 0.88325947523117065 -0.42492395639419556 0.10049205273389816 0.17086131870746613 -1.5208529233932495 1.3779819011688232 0.84126156568527222 0 1/00009.png

7 0.89017957448959351 -0.41297388076782227 0.091144196689128876 0.16948667168617249 -1.5326714515686035 1.3642933368682861 0.8279070258140564 0 1/00007.png

8 0.88743150234222412 -0.38382169604301453 0.090920068323612213 0.23849497735500336 -1.6089969873428345 1.1484003067016602 0.94021093845367432 0 1/00000.png

9 0.8546866774559021 -0.43187996745109558 0.15187129378318787 0.2447967529296875 -1.3886328935623169 1.2046146392822266 1.132541298866272 0 1/00017.png

10 0.85997277498245239 -0.44339191913604736 0.12505292892456055 0.21957288682460785 -1.4681524038314819 1.2536611557006836 0.99233651161193848 0 1/00015.png

11 0.89317715167999268 -0.39031699299812317 0.09053308516740799 0.204183429479599 -1.57466721534729 1.2456868886947632 0.89729833602905273 0 1/00003.png

12 0.85666412115097046 -0.43934249877929688 0.13780096173286438 0.23262776434421539 -1.4350992441177368 1.2274327278137207 1.0582312345504761 0 1/00016.png

13 0.88600516319274902 -0.42242079973220825 0.095656342804431915 0.16554608941078186 -1.5206726789474487 1.3794362545013428 0.81272077560424805 0 1/00008.png

14 0.86735564470291138 -0.44228288531303406 0.11505064368247986 0.19708748161792755 -1.4908014535903931 1.3108714818954468 0.9165041446685791 0 1/00013.png

15 0.85149568319320679 -0.42638343572616577 0.16202792525291443 0.25864920020103455 -1.3539180755615234 1.1721011400222778 1.1959755420684814 0 1/00018.png

16 0.84839636087417603 -0.42174950242042542 0.16656258702278137 0.27314433455467224 -1.3369954824447632 1.1358760595321655 1.2375901937484741 0 1/00019.png

17 0.87098634243011475 -0.43864303827285767 0.11146847903728485 0.19118013978004456 -1.50572669506073 1.3269970417022705 0.89389818906784058 0 1/00012.png

18 0.88030445575714111 -0.43036231398582458 0.10131366550922394 0.17201106250286102 -1.5079602003097534 1.3744935989379883 0.84633016586303711 0 1/00010.png

19 0.83771735429763794 -0.41831046342849731 0.178998202085495 0.30200290679931641 -1.2942638397216797 1.0760316848754883 1.3167444467544556 0 1/00021.png

20 0.79069161415100098 -0.40812832117080688 0.20849612355232239 0.40591543912887573 -1.1314042806625366 0.86501020193099976 1.514428973197937 0 1/00027.png

21 0.86374658346176147 -0.44263026118278503 0.12044394761323929 0.20859925448894501 -1.4886372089385986 1.2837942838668823 0.95482158660888672 0 1/00014.png

22 0.81750619411468506 -0.41516554355621338 0.19199155271053314 0.34994345903396606 -1.2207088470458984 0.97165858745574951 1.4093241691589355 0 1/00024.png

23 0.82497555017471313 -0.41434243321418762 0.1867862194776535 0.33592650294303894 -1.2539937496185303 1.004916787147522 1.3826637268066406 0 1/00023.png

24 0.87549597024917603 -0.4367663562297821 0.1046416312456131 0.17830336093902588 -1.5051746368408203 1.353656530380249 0.85477638244628906 0 1/00011.png

25 0.81050801277160645 -0.40864771604537964 0.19892174005508423 0.369477778673172 -1.1825730800628662 0.92654943466186523 1.4562724828720093 0 1/00025.png

26 0.83203941583633423 -0.41971537470817566 0.17962957918643951 0.31509160995483398 -1.2757349014282227 1.040203332901001 1.3273569345474243 0 1/00022.png

27 0.80134421586990356 -0.40437969565391541 0.20477262139320374 0.39037510752677917 -1.150540828704834 0.89013040065765381 1.4996600151062012 0 1/00026.png

28 0.8431352972984314 -0.42088299989700317 0.17337343096733093 0.28622010350227356 -1.3123838901519775 1.1122281551361084 1.273973822593689 0 1/00020.png

29 0.68543565273284912 -0.37066441774368286 0.22843039035797119 0.5836140513420105 -0.82329285144805908 0.44417372345924377 1.7954692840576172 0 1/00039.png

30 0.77696746587753296 -0.40123462677001953 0.21062879264354706 0.43699866533279419 -1.0948755741119385 0.79157924652099609 1.5666787624359131 0 1/00029.png

31 0.76567614078521729 -0.40128695964813232 0.21695436537265778 0.45347490906715393 -1.07123863697052 0.77248775959014893 1.5916348695755005 0 1/00030.png

32 0.75916284322738647 -0.40055680274963379 0.21714732050895691 0.46483659744262695 -1.0542089939117432 0.74549198150634766 1.6068028211593628 0 1/00031.png

33 0.74659556150436401 -0.39977505803108215 0.2213200181722641 0.48352095484733582 -1.0227351188659668 0.71120738983154297 1.6299567222595215 0 1/00032.png

34 0.78545302152633667 -0.40236887335777283 0.21041645109653473 0.42058035731315613 -1.1134910583496094 0.8250269889831543 1.5488120317459106 0 1/00028.png

35 0.7269555926322937 -0.39942830801010132 0.22136807441711426 0.5128244161605835 -0.9973902702331543 0.64344704151153564 1.6618529558181763 0 1/00034.png

36 0.70041126012802124 -0.38802775740623474 0.21710479259490967 0.55832254886627197 -0.92686933279037476 0.50557887554168701 1.7271828651428223 0 1/00037.png

37 0.71130210161209106 -0.39201757311820984 0.21767155826091766 0.54128611087799072 -0.96019721031188965 0.55327379703521729 1.7038736343383789 0 1/00036.png

38 0.67863786220550537 -0.35882887244224548 0.23569083213806152 0.59593820571899414 -0.7597014307975769 0.41425091028213501 1.8304125070571899 0 1/00040.png

39 0.73682975769042969 -0.39853769540786743 0.22467450797557831 0.49776607751846313 -1.0021746158599854 0.68449288606643677 1.6512819528579712 0 1/00033.png

40 0.69035309553146362 -0.38007557392120361 0.22224688529968262 0.57407450675964355 -0.87848234176635742 0.47265678644180298 1.7638869285583496 0 1/00038.png

41 0.7184746265411377 -0.39556664228439331 0.21978174149990082 0.52822083234786987 -0.98053973913192749 0.59771138429641724 1.6864068508148193 0 1/00035.png

42 0.72459757328033447 -0.33045440912246704 0.24571132659912109 0.55261582136154175 -0.66853654384613037 0.34669101238250732 1.861682653427124 0 1/00052.png

43 0.69304031133651733 -0.32586827874183655 0.25963619351387024 0.58829748630523682 -0.63119351863861084 0.37555846571922302 1.899486780166626 0 1/00045.png

44 0.68489062786102295 -0.33046779036521912 0.26033115386962891 0.59493148326873779 -0.63108515739440918 0.38653203845024109 1.8977131843566895 0 1/00044.png

45 0.7127874493598938 -0.32560652494430542 0.25106734037399292 0.56822502613067627 -0.6648867130279541 0.35333928465843201 1.8839219808578491 0 1/00048.png

46 0.67347502708435059 -0.34774801135063171 0.24505347013473511 0.6045258641242981 -0.7017439603805542 0.3986283540725708 1.8634487390518188 0 1/00041.png

47 0.7065919041633606 -0.32472535967826843 0.25527405738830566 0.5745576024055481 -0.6524088978767395 0.36097532510757446 1.8911986351013184 0 1/00047.png

48 0.71791964769363403 -0.32426020503044128 0.25074252486228943 0.56264996528625488 -0.66170084476470947 0.3516421914100647 1.879399299621582 0 1/00049.png

49 0.72231143712997437 -0.32650014758110046 0.24667045474052429 0.55751019716262817 -0.66309428215026855 0.34049981832504272 1.8734391927719116 0 1/00051.png

50 0.67570692300796509 -0.34115341305732727 0.25135797262191772 0.6032029390335083 -0.66919314861297607 0.39301824569702148 1.8781474828720093 0 1/00042.png

51 0.69805163145065308 -0.32696372270584106 0.25845861434936523 0.5822523832321167 -0.64175021648406982 0.37053346633911133 1.8927915096282959 0 1/00046.png

52 0.72820669412612915 -0.33345684409141541 0.24019460380077362 0.54847806692123413 -0.68090581893920898 0.34261995553970337 1.8546608686447144 0 1/00053.png

53 0.71971422433853149 -0.32624822854995728 0.25011613965034485 0.55947786569595337 -0.65938341617584229 0.34929680824279785 1.8776760101318359 0 1/00050.png

54 0.73462140560150146 -0.33238694071769714 0.23768904805183411 0.5416218638420105 -0.67411726713180542 0.33510112762451172 1.8436379432678223 0 1/00055.png

55 0.68023175001144409 -0.33532360196113586 0.25710156559944153 0.59895044565200806 -0.64540207386016846 0.39326915144920349 1.8871314525604248 0 1/00043.png

56 0.72838449478149414 -0.33473628759384155 0.2393270879983902 0.54784142971038818 -0.67894065380096436 0.33838745951652527 1.8482580184936523 0 1/00054.png

57 0.77082985639572144 -0.32068201899528503 0.22579470276832581 0.50199711322784424 -0.64968454837799072 0.31673908233642578 1.8223662376403809 0 1/00060.png

58 0.74455326795578003 -0.33385062217712402 0.23253649473190308 0.52925515174865723 -0.67669737339019775 0.33800303936004639 1.8335694074630737 0 1/00057.png

59 0.75466513633728027 -0.33183127641677856 0.22845640778541565 0.51785719394683838 -0.67639964818954468 0.33458015322685242 1.8177517652511597 0 1/00058.png

60 0.7629273533821106 -0.32802197337150574 0.22788706421852112 0.50834137201309204 -0.66252040863037109 0.33556020259857178 1.8178849220275879 0 1/00059.png

61 0.78871095180511475 -0.31046959757804871 0.21767809987068176 0.48390072584152222 -0.64948773384094238 0.29634830355644226 1.8084225654602051 0 1/00062.png

62 0.77808171510696411 -0.31472921371459961 0.22242990136146545 0.49604359269142151 -0.64878368377685547 0.29924121499061584 1.8166443109512329 0 1/00061.png

63 0.82940036058425903 -0.2900128960609436 0.22778481245040894 0.41964474320411682 -0.5246741771697998 0.37608090043067932 1.8079017400741577 0 1/00068.png

64 0.81679022312164307 -0.29925456643104553 0.22006654739379883 0.4414421021938324 -0.58359158039093018 0.34645029902458191 1.7995882034301758 0 1/00066.png

65 0.80210977792739868 -0.30294892191886902 0.215748131275177 0.46721997857093811 -0.62790924310684204 0.30337435007095337 1.8070588111877441 0 1/00064.png

66 0.8120153546333313 -0.30056905746459961 0.21355122327804565 0.45242157578468323 -0.6171262264251709 0.32048895955085754 1.7985551357269287 0 1/00065.png

67 0.74054074287414551 -0.33625715970993042 0.23385430872440338 0.5327688455581665 -0.67981839179992676 0.34600165486335754 1.8301692008972168 0 1/00056.png

68 0.82266736030578613 -0.29481759667396545 0.22423642873764038 0.43129917979240417 -0.55104756355285645 0.36081698536872864 1.8102338314056396 0 1/00067.png

69 0.79608613252639771 -0.30651602149009705 0.21545583009719849 0.47526165843009949 -0.64079105854034424 0.2992672324180603 1.8053667545318604 0 1/00063.png

70 0.8320000171661377 -0.30935442447662354 0.20728281140327454 0.41122955083847046 -0.51179808378219604 0.44234132766723633 1.8034918308258057 0 1/00074.png

71 0.82995909452438354 -0.2949102520942688 0.2271522581577301 0.41544875502586365 -0.51449829339981079 0.39940625429153442 1.8033182621002197 0 1/00069.png

72 0.83358800411224365 -0.310076504945755 0.19967985153198242 0.41123178601264954 -0.49849396944046021 0.45113959908485413 1.8177988529205322 0 1/00077.png

73 0.82967120409011841 -0.30315166711807251 0.21488650143146515 0.41661548614501953 -0.51300179958343506 0.41441616415977478 1.8028576374053955 0 1/00072.png

74 0.83060193061828613 -0.29403102397918701 0.22762806713581085 0.41452598571777344 -0.49908459186553955 0.40840786695480347 1.8102651834487915 0 1/00070.png

75 0.83048850297927856 -0.30525556206703186 0.21206840872764587 0.41489124298095703 -0.5124468207359314 0.42799097299575806 1.8027229309082031 0 1/00073.png

76 0.82911938428878784 -0.29976868629455566 0.22115208208560944 0.41688290238380432 -0.50562304258346558 0.41198432445526123 1.8054455518722534 0 1/00071.png

77 0.83150458335876465 -0.31056034564971924 0.20379160344600677 0.41306334733963013 -0.50668591260910034 0.44404339790344238 1.8083999156951904 0 1/00075.png

78 0.83178865909576416 -0.31120392680168152 0.20383220911026001 0.41198572516441345 -0.49893823266029358 0.45114684104919434 1.8131954669952393 0 1/00076.png

79 0.8342278003692627 -0.31437107920646667 0.18940548598766327 0.41153427958488464 -0.51133924722671509 0.4468110203742981 1.8204411268234253 0 1/00079.png

80 0.83987855911254883 -0.30362161993980408 0.16662141680717468 0.41791772842407227 -0.53783321380615234 0.37674054503440857 1.8328642845153809 0 1/00081.png

81 0.83666568994522095 -0.31184610724449158 0.17918196320533752 0.4130815863609314 -0.52616780996322632 0.41905081272125244 1.8279876708984375 0 1/00080.png

82 0.84009271860122681 -0.29969882965087891 0.1620897650718689 0.42208006978034973 -0.54033178091049194 0.35765326023101807 1.8350377082824707 0 1/00082.png

83 0.83400392532348633 -0.31305032968521118 0.1947963684797287 0.41047686338424683 -0.50347799062728882 0.45395946502685547 1.8193768262863159 0 1/00078.png

84 0.8413880467414856 -0.30071696639060974 0.15609036386013031 0.42103597521781921 -0.54927575588226318 0.35808965563774109 1.8317506313323975 0 1/00083.png

85 0.84375840425491333 -0.30103015899658203 0.14820660650730133 0.4189121425151825 -0.56541752815246582 0.36036187410354614 1.823289155960083 0 1/00084.png

86 0.84514552354812622 -0.30685171484947205 0.1450946033000946 0.41293910145759583 -0.5843045711517334 0.39068925380706787 1.812849760055542 0 1/00085.png

87 0.87042683362960815 -0.3486437201499939 0.086092941462993622 0.33673816919326782 -0.74824059009552002 0.54707348346710205 1.6249915361404419 0 1/00091.png

88 0.86308974027633667 -0.33982235193252563 0.097553946077823639 0.36066630482673645 -0.75096499919891357 0.51130163669586182 1.6796010732650757 0 1/00089.png

89 0.85457384586334229 -0.32005006074905396 0.12106441706418991 0.39065971970558167 -0.66723686456680298 0.43627256155014038 1.7621451616287231 0 1/00087.png

90 0.85740095376968384 -0.32938560843467712 0.11284764111042023 0.37899091839790344 -0.69571292400360107 0.47121429443359375 1.7323124408721924 0 1/00088.png

91 0.86420542001724243 -0.35030061006546021 0.09149421751499176 0.34938126802444458 -0.76947104930877686 0.5482141375541687 1.6461876630783081 0 1/00090.png

92 0.84731841087341309 -0.31390130519866943 0.13719350099563599 0.40582680702209473 -0.6129533052444458 0.40608501434326172 1.8002629280090332 0 1/00086.png

93 0.87462532520294189 -0.34152895212173462 0.089201904833316803 0.33231234550476074 -0.72095507383346558 0.54062211513519287 1.6266626119613647 0 1/00092.png

94 0.90079307556152344 -0.31902217864990234 0.073569275438785553 0.28527912497520447 -0.66450166702270508 0.51683062314987183 1.5661418437957764 0 1/00096.png

95 0.8789825439453125 -0.3435727059841156 0.085916832089424133 0.31932047009468079 -0.70668590068817139 0.55664288997650146 1.5980299711227417 0 1/00093.png

96 0.88692420721054077 -0.33284679055213928 0.075015455484390259 0.31136965751647949 -0.70944350957870483 0.51674699783325195 1.592119574546814 0 1/00094.png

97 0.90628677606582642 -0.31020233035087585 0.09469209611415863 0.27102068066596985 -0.55394738912582397 0.53794419765472412 1.5600614547729492 0 1/00098.png

98 0.89475274085998535 -0.32834619283676147 0.073845535516738892 0.29351869225502014 -0.68783676624298096 0.53021013736724854 1.5615770816802979 0 1/00095.png

99 0.90380692481994629 -0.31542941927909851 0.085733771324157715 0.27620109915733337 -0.58862316608428955 0.54163610935211182 1.556928277015686 0 1/00097.png

100 0.91132676601409912 -0.30674338340759277 0.089748501777648926 0.25949430465698242 -0.53852939605712891 0.53480494022369385 1.5299789905548096 0 1/00099.png

101 0.92684519290924072 -0.29447561502456665 0.065978802740573883 0.22335828840732574 -0.52744317054748535 0.49700415134429932 1.4826245307922363 0 1/00104.png

102 0.9149358868598938 -0.30823174118995667 0.088424436748027802 0.2450852245092392 -0.52911835908889771 0.54559332132339478 1.5078657865524292 0 1/00101.png

103 0.91218101978302002 -0.31165891885757446 0.090458996593952179 0.25022321939468384 -0.53289282321929932 0.55714380741119385 1.5123653411865234 0 1/00100.png

104 0.93558710813522339 -0.29406329989433289 0.048857063055038452 0.18925243616104126 -0.52482259273529053 0.51669776439666748 1.47083580493927 0 1/00107.png

105 0.92046630382537842 -0.30285191535949707 0.07682674378156662 0.23477675020694733 -0.52813178300857544 0.52817332744598389 1.4892421960830688 0 1/00103.png

106 0.91778647899627686 -0.30389517545700073 0.083069249987602234 0.2416924387216568 -0.5290229320526123 0.52840930223464966 1.4979385137557983 0 1/00102.png

107 0.93540173768997192 -0.30608007311820984 0.042345665395259857 0.17188791930675507 -0.52329027652740479 0.56586712598800659 1.4599093198776245 0 1/00108.png

108 0.93246185779571533 -0.29656559228897095 0.053977750241756439 0.19912314414978027 -0.52698791027069092 0.51758766174316406 1.471258282661438 0 1/00106.png

109 0.93637377023696899 -0.31076580286026001 0.029098497703671455 0.16056817770004272 -0.53793013095855713 0.57658505439758301 1.4501322507858276 0 1/00109.png

110 0.92913627624511719 -0.29499420523643494 0.062852509319782257 0.21385437250137329 -0.52553629875183105 0.50612467527389526 1.4745444059371948 0 1/00105.png

111 0.93761980533599854 -0.32236364483833313 0.014556828886270523 0.12937912344932556 -0.54236632585525513 0.63089990615844727 1.4411113262176514 0 1/00111.png

112 0.93694299459457397 -0.3196696937084198 0.01883375272154808 0.13998003304004669 -0.54783719778060913 0.61633533239364624 1.4397343397140503 0 1/00110.png

113 0.93758875131607056 -0.33023130893707275 0.0074871941469609737 0.10871357470750809 -0.50104188919067383 0.68086022138595581 1.4677934646606445 0 1/00114.png

114 0.93668502569198608 -0.33502101898193359 0.0044018765911459923 0.101797915995121 -0.49196484684944153 0.69508945941925049 1.4677003622055054 0 1/00115.png

115 0.93767631053924561 -0.328104168176651 0.011527889408171177 0.11392057687044144 -0.50498372316360474 0.66717380285263062 1.4619406461715698 0 1/00113.png

116 0.93859261274337769 -0.33268117904663086 -0.00086195836775004864 0.091467663645744324 -0.4339434802532196 0.71763646602630615 1.5153646469116211 0 1/00120.png

117 0.93654441833496094 -0.33845031261444092 -0.0031880219466984272 0.091245576739311218 -0.43446192145347595 0.75105428695678711 1.5127209424972534 0 1/00121.png

118 0.9386448860168457 -0.32362878322601318 0.0096215046942234039 0.11881767213344574 -0.51803833246231079 0.64709830284118652 1.4565378427505493 0 1/00112.png

119 0.93843215703964233 -0.33343654870986938 0.0035001931246370077 0.090293541550636292 -0.43664202094078064 0.7074245810508728 1.5061779022216797 0 1/00119.png

120 0.93700337409973145 -0.3363150954246521 0.0038295844569802284 0.094350509345531464 -0.4640694260597229 0.71073096990585327 1.487820029258728 0 1/00117.png

121 0.92973369359970093 -0.35935351252555847 -0.022205928340554237 0.077247887849807739 -0.45106679201126099 0.83872950077056885 1.4812741279602051 0 1/00124.png

122 0.93858546018600464 -0.33260861039161682 0.0024219080805778503 0.091777198016643524 -0.45006453990936279 0.69887465238571167 1.5000069141387939 0 1/00118.png

123 0.93132007122039795 -0.35470268130302429 -0.015013844706118107 0.081262625753879547 -0.44768664240837097 0.80239617824554443 1.4905194044113159 0 1/00123.png

124 0.93657428026199341 -0.33614873886108398 0.0039618741720914841 0.099080383777618408 -0.47944545745849609 0.7033836841583252 1.4738012552261353 0 1/00116.png

125 0.93267327547073364 -0.35031682252883911 -0.007423419039696455 0.085695177316665649 -0.43837565183639526 0.78602194786071777 1.4988508224487305 0 1/00122.png

126 0.91311126947402954 -0.40376091003417969 -0.027039982378482819 0.049737356603145599 -0.36455744504928589 0.99708616733551025 1.3962558507919312 0 1/00129.png

127 0.92158740758895874 -0.38231170177459717 -0.020626092329621315 0.063945427536964417 -0.39488142728805542 0.93293535709381104 1.4503214359283447 0 1/00126.png

128 0.9247623085975647 -0.37338507175445557 -0.022081280127167702 0.070075951516628265 -0.43229624629020691 0.88589143753051758 1.4605293273925781 0 1/00125.png

129 0.91688603162765503 -0.39568546414375305 -0.033334370702505112 0.040519054979085922 -0.29277098178863525 0.98527878522872925 1.3898806571960449 0 1/00133.png

130 0.9177735447883606 -0.39192613959312439 -0.021785743534564972 0.060091495513916016 -0.38370487093925476 0.97093307971954346 1.4277292490005493 0 1/00127.png

131 0.91263270378112793 -0.40501102805137634 -0.033411730080842972 0.044173158705234528 -0.34112486243247986 1.0093324184417725 1.3765270709991455 0 1/00131.png

132 0.9159616231918335 -0.39755776524543762 -0.03441552072763443 0.042161986231803894 -0.23598656058311462 1.0164399147033691 1.3724091053009033 0 1/00135.png

133 0.91355288028717041 -0.40324902534484863 -0.034048646688461304 0.040646180510520935 -0.31681469082832336 1.0064513683319092 1.3794738054275513 0 1/00132.png

134 0.91636854410171509 -0.3970302939414978 -0.02741735614836216 0.043403390794992447 -0.19785459339618683 1.020737886428833 1.3662871122360229 0 1/00136.png

135 0.91779744625091553 -0.39300695061683655 -0.036503739655017853 0.043137796223163605 -0.2727857232093811 0.99161255359649658 1.3779227733612061 0 1/00134.png

136 0.91417324542999268 -0.40102708339691162 -0.034963767975568771 0.047349479049444199 -0.36107715964317322 0.99773281812667847 1.3930246829986572 0 1/00130.png

137 0.91406339406967163 -0.40083745121955872 -0.023847999051213264 0.056997831910848618 -0.37652680277824402 0.99356967210769653 1.4101054668426514 0 1/00128.png

138 0.91367423534393311 -0.4035646915435791 -0.023183377459645271 0.042395919561386108 -0.16008590161800385 1.0530931949615479 1.3351624011993408 0 1/00137.png

139 0.90676742792129517 -0.42043423652648926 -0.0067942310124635696 0.031011180952191353 -0.084581732749938965 1.1047579050064087 1.2757092714309692 0 1/00139.png

140 0.89162576198577881 -0.45219257473945618 -0.014247963204979897 0.017953680828213692 -0.07691308856010437 1.2063145637512207 1.1594327688217163 0 1/00141.png

141 0.90157592296600342 -0.43187648057937622 -0.0083582568913698196 0.023953031748533249 -0.072810083627700806 1.1412045955657959 1.2339521646499634 0 1/00140.png

142 0.90985268354415894 -0.41263473033905029 -0.017066424712538719 0.040115542709827423 -0.12485736608505249 1.0831255912780762 1.3104603290557861 0 1/00138.png

143 0.87297487258911133 -0.48523768782615662 -0.016468318179249763 0.046776507049798965 -0.040612399578094482 1.1869494915008545 0.94619250297546387 0 1/00148.png

144 0.8678554892539978 -0.4952644407749176 -0.035134568810462952 0.017477560788393021 -0.077725708484649658 1.2148473262786865 0.95199775695800781 0 1/00146.png

145 0.8712238073348999 -0.48903375864028931 -0.02787056565284729 0.032221991568803787 -0.056778848171234131 1.1922385692596436 0.95764964818954468 0 1/00147.png

146 0.86914926767349243 -0.49026334285736084 -0.010125843808054924 0.06417827308177948 -0.028901576995849609 1.1891686916351318 0.92210614681243896 0 1/00149.png

147 0.87977707386016846 -0.47471234202384949 -0.020451381802558899 0.014907489530742168 -0.084294676780700684 1.231065034866333 1.0801074504852295 0 1/00142.png

148 0.867972731590271 -0.48649805784225464 0.01352080050855875 0.09879399836063385 -0.01777985692024231 1.1742094755172729 0.87884503602981567 0 1/00152.png

149 0.87426638603210449 -0.47977572679519653 0.0053426963277161121 0.073790334165096283 0.016283601522445679 1.1550304889678955 0.88501095771789551 0 1/00154.png

150 0.87165218591690063 -0.48203450441360474 0.011528813280165195 0.087932802736759186 -0.0061467885971069336 1.1570417881011963 0.91166645288467407 0 1/00151.png

151 0.87032341957092285 -0.48482060432434082 0.00796473678201437 0.086154721677303314 -0.0021266341209411621 1.1674842834472656 0.88277429342269897 0 1/00153.png

152 0.86726248264312744 -0.49639448523521423 -0.035484947264194489 0.013752076774835587 -0.10192900896072388 1.2542521953582764 0.97504645586013794 0 1/00144.png

153 0.86888575553894043 -0.48836281895637512 0.0057594538666307926 0.080660298466682434 -0.014332950115203857 1.172446608543396 0.91262179613113403 0 1/00150.png

154 0.8555912971496582 -0.50697970390319824 0.076536081731319427 0.071256436407566071 0.35358214378356934 1.2475135326385498 0.73706901073455811 0 1/00159.png

155 0.87033194303512573 -0.4877830445766449 0.0048509850166738033 0.067575395107269287 0.061187237501144409 1.1926085948944092 0.84540855884552002 0 1/00156.png

156 0.86383301019668579 -0.50191628932952881 -0.039984032511711121 0.016546286642551422 -0.10027319192886353 1.2371451854705811 0.94992327690124512 0 1/00145.png

157 0.87518090009689331 -0.48290419578552246 -0.02690119668841362 0.011755671352148056 -0.093605995178222656 1.2423858642578125 1.03606116771698 0 1/00143.png

158 0.87495917081832886 -0.47917404770851135 -0.0018859088886529207 0.069535940885543823 0.026507079601287842 1.1731717586517334 0.87432706356048584 0 1/00155.png

159 0.85097974538803101 -0.50705844163894653 0.11731813102960587 0.070439741015434265 0.47206485271453857 1.2269246578216553 0.68507450819015503 0 1/00161.png

160 0.85618734359741211 -0.50477457046508789 0.10855761170387268 0.019002789631485939 0.5337863564491272 1.1668546199798584 0.68633168935775757 0 1/00163.png

161 0.85989892482757568 -0.50353848934173584 0.053254656493663788 0.064704380929470062 0.28076976537704468 1.2430880069732666 0.78099995851516724 0 1/00158.png

162 0.85233509540557861 -0.5086439847946167 0.096746601164340973 0.073798097670078278 0.4146425724029541 1.2421138286590576 0.70722353458404541 0 1/00160.png

163 0.86838757991790771 -0.49181872606277466 0.0078574679791927338 0.062894098460674286 0.11408263444900513 1.2102489471435547 0.83862161636352539 0 1/00157.png

164 0.85178369283676147 -0.50516247749328613 0.12431725859642029 0.061810232698917389 0.50647628307342529 1.208648681640625 0.67840534448623657 0 1/00162.png

165 0.85227394104003906 -0.51405954360961914 0.096442922949790955 -0.0084049645811319351 0.5406646728515625 1.1444660425186157 0.66877686977386475 0 1/00164.png

166 0.85295802354812622 -0.51249450445175171 0.086125828325748444 -0.048930134624242783 0.56566625833511353 1.0906625986099243 0.70841026306152344 0 1/00165.png

167 0.85030156373977661 -0.50264948606491089 0.041488789021968842 -0.15036420524120331 0.5997467041015625 0.99592256546020508 0.7810591459274292 0 1/00167.png

168 0.8392486572265625 -0.47647902369499207 0.012271074578166008 -0.26168477535247803 0.65351688861846924 0.82806569337844849 0.90638715028762817 0 1/00169.png

169 0.85671377182006836 -0.50163096189498901 0.062969505786895752 -0.10218987613916397 0.58501911163330078 1.0364625453948975 0.75353789329528809 0 1/00166.png

170 0.84341961145401001 -0.48313221335411072 0.019783787429332733 -0.23416933417320251 0.63914763927459717 0.86687147617340088 0.87172430753707886 0 1/00168.png

171 0.83631652593612671 -0.47175973653793335 0.014156184159219265 -0.27895715832710266 0.67452406883239746 0.78994619846343994 0.92537009716033936 0 1/00170.png

172 0.83629512786865234 -0.45188167691230774 -0.027959465980529785 -0.30924370884895325 0.73543274402618408 0.73104751110076904 1.0375074148178101 0 1/00177.png

173 0.83396065235137939 -0.46748781204223633 0.006710028275847435 -0.2931206226348877 0.68818700313568115 0.75751787424087524 0.94603985548019409 0 1/00172.png

174 0.83526390790939331 -0.43857270479202271 0.010162145830690861 -0.33148893713951111 0.97159051895141602 0.64497607946395874 1.044349193572998 0 1/00184.png

175 0.83327209949493408 -0.45845049619674683 -0.014772260561585426 -0.30864635109901428 0.67814910411834717 0.73382514715194702 0.99099975824356079 0 1/00174.png

176 0.83956843614578247 -0.43636062741279602 -0.013870527036488056 -0.32329833507537842 0.8788522481918335 0.67598551511764526 1.0672377347946167 0 1/00182.png

177 0.83469069004058838 -0.468313068151474 0.013096993789076805 -0.28948697447776794 0.69178092479705811 0.76294213533401489 0.93640232086181641 0 1/00171.png

178 0.83843255043029785 -0.43547305464744568 -0.0079589355736970901 -0.32761386036872864 0.91774880886077881 0.66349709033966064 1.0705538988113403 0 1/00183.png

179 0.8401484489440918 -0.44379225373268127 -0.019294854253530502 -0.31117019057273865 0.78920185565948486 0.70762985944747925 1.0517797470092773 0 1/00179.png

180 0.83174103498458862 -0.43648925423622131 0.028014807030558586 -0.34190517663955688 1.0546411275863647 0.60397094488143921 1.0326142311096191 0 1/00186.png

181 0.83437281847000122 -0.45429354906082153 -0.026099812239408493 -0.3110596239566803 0.7187124490737915 0.73964285850524902 1.0298682451248169 0 1/00176.png

182 0.84129506349563599 -0.43583875894546509 -0.016467731446027756 -0.31936806440353394 0.83805274963378906 0.68035000562667847 1.073223352432251 0 1/00180.png

183 0.84010004997253418 -0.43869492411613464 -0.013196599669754505 -0.31875470280647278 0.85453152656555176 0.67936372756958008 1.0566979646682739 0 1/00181.png

184 0.83252149820327759 -0.43927410244941711 0.019865760579705238 -0.33697405457496643 1.0194092988967896 0.62806034088134766 1.0395984649658203 0 1/00185.png

185 0.8393290638923645 -0.44626006484031677 -0.024897238239645958 -0.30944919586181641 0.76060712337493896 0.71632015705108643 1.0484973192214966 0 1/00178.png

186 0.83043891191482544 -0.43774443864822388 0.031734663993120193 -0.34313845634460449 1.065273642539978 0.60443252325057983 1.0116249322891235 0 1/00187.png

187 0.83281981945037842 -0.4595809280872345 -0.006180998869240284 -0.30847746133804321 0.68676519393920898 0.73527956008911133 0.98381847143173218 0 1/00173.png

188 0.83275812864303589 -0.4573846161365509 -0.025022950023412704 -0.31094548106193542 0.69987022876739502 0.74293804168701172 1.0148855447769165 0 1/00175.png

189 0.82433658838272095 -0.43517062067985535 0.005863517988473177 -0.36202406883239746 1.0620701313018799 0.63439285755157471 1.0536103248596191 0 1/00189.png

190 0.82585436105728149 -0.4411376416683197 0.014335758052766323 -0.35093680024147034 1.0567855834960938 0.63147133588790894 1.0212278366088867 0 1/00188.png

191 0.81230920553207397 -0.42700809240341187 -0.028511231765151024 -0.39623856544494629 1.0216487646102905 0.63543444871902466 1.1111406087875366 0 1/00192.png

192 0.8199114203453064 -0.43242311477661133 -0.0054593579843640327 -0.37513431906700134 1.0453882217407227 0.63457286357879639 1.0706955194473267 0 1/00190.png

193 0.8159712553024292 -0.4325425922870636 -0.01445365883409977 -0.38326093554496765 1.036338210105896 0.63709145784378052 1.0789740085601807 0 1/00191.png

194 0.8039519190788269 -0.40445920825004578 -0.058431170880794525 -0.43204149603843689 0.97154843807220459 0.5976414680480957 1.198066234588623 0 1/00195.png

195 0.80583012104034424 -0.41044852137565613 -0.048639710992574692 -0.42403301596641541 0.98810648918151855 0.60095906257629395 1.1777721643447876 0 1/00194.png

196 0.80861568450927734 -0.42317551374435425 -0.037238717079162598 -0.40703365206718445 1.0006551742553711 0.62288355827331543 1.1313178539276123 0 1/00193.png

197 0.80226433277130127 -0.40213796496391296 -0.067128650844097137 -0.43606278300285339 0.95747137069702148 0.60267627239227295 1.2113350629806519 0 1/00196.png

198 0.79835331439971924 -0.38602587580680847 -0.094543486833572388 -0.4524129331111908 0.93717944622039795 0.60555171966552734 1.270566463470459 0 1/00200.png

199 0.79985547065734863 -0.39747658371925354 -0.076397798955440521 -0.44317811727523804 0.94743835926055908 0.60470360517501831 1.2307393550872803 0 1/00197.png

200 0.80497008562088013 -0.34970447421073914 -0.12915220856666565 -0.46157309412956238 0.92755556106567383 0.64087873697280884 1.3381049633026123 0 1/00208.png

201 0.7984154224395752 -0.39073097705841064 -0.087261781096458435 -0.44971933960914612 0.93959498405456543 0.6076958179473877 1.2585309743881226 0 1/00199.png

202 0.79862737655639648 -0.3833809494972229 -0.095841981470584869 -0.45390278100967407 0.93553423881530762 0.60980010032653809 1.2754421234130859 0 1/00201.png

203 0.80230545997619629 -0.36997509002685547 -0.10811026394367218 -0.45578128099441528 0.93033015727996826 0.61440134048461914 1.309045672416687 0 1/00203.png

204 0.80690008401870728 -0.35456728935241699 -0.12348774820566177 -0.45600989460945129 0.90865194797515869 0.61954700946807861 1.336472749710083 0 1/00206.png

205 0.80539298057556152 -0.35206115245819092 -0.12634427845478058 -0.45981767773628235 0.91982817649841309 0.63127249479293823 1.334794282913208 0 1/00207.png

206 0.80338674783706665 -0.36737781763076782 -0.11451617628335953 -0.45441091060638428 0.91985869407653809 0.61941123008728027 1.3118289709091187 0 1/00204.png

207 0.79896444082260132 -0.39550119638442993 -0.081808127462863922 -0.44558060169219971 0.94008290767669678 0.61219453811645508 1.2411841154098511 0 1/00198.png

208 0.80591690540313721 -0.36051708459854126 -0.1200886145234108 -0.45398694276809692 0.90811145305633545 0.62371224164962769 1.3250235319137573 0 1/00205.png

209 0.80008620023727417 -0.37668678164482117 -0.10432374477386475 -0.45506671071052551 0.93095946311950684 0.61555403470993042 1.2961862087249756 0 1/00202.png

210 0.81005197763442993 -0.35335007309913635 -0.13837963342666626 -0.44700172543525696 0.98186743259429932 0.75491827726364136 1.286529541015625 0 1/00215.png

211 0.80587226152420044 -0.35044518113136292 -0.12744875252246857 -0.4599074125289917 0.96158397197723389 0.66124677658081055 1.3184255361557007 0 1/00210.png

212 0.80576962232589722 -0.34749460220336914 -0.12820188701152802 -0.46211156249046326 0.95465397834777832 0.64919298887252808 1.3354812860488892 0 1/00209.png

213 0.80679696798324585 -0.34737160801887512 -0.1315138190984726 -0.45947340130805969 0.96674525737762451 0.68072903156280518 1.3230718374252319 0 1/00211.png

214 0.80703854560852051 -0.35098889470100403 -0.13338281214237213 -0.45574629306793213 0.9728628396987915 0.70141714811325073 1.3100703954696655 0 1/00212.png

215 0.8137127161026001 -0.34670832753181458 -0.14760774374008179 -0.44257977604866028 0.95707559585571289 0.77758336067199707 1.2915124893188477 0 1/00217.png

216 0.80803573131561279 -0.35372346639633179 -0.13648617267608643 -0.45092079043388367 0.98082649707794189 0.73373973369598389 1.2913658618927002 0 1/00214.png

217 0.81347543001174927 -0.34331831336021423 -0.14793844521045685 -0.44553834199905396 0.95772981643676758 0.76986169815063477 1.2909564971923828 0 1/00218.png

218 0.81572574377059937 -0.34468254446983337 -0.15254072844982147 -0.43876737356185913 0.92997121810913086 0.80956363677978516 1.2609808444976807 0 1/00223.png

219 0.81159549951553345 -0.35536938905715942 -0.14207696914672852 -0.44140619039535522 0.97284173965454102 0.77846556901931763 1.2737559080123901 0 1/00216.png

220 0.80706357955932617 -0.35085439682006836 -0.13337801396846771 -0.45580679178237915 0.97815895080566406 0.70974671840667725 1.3056890964508057 0 1/00213.png

221 0.81471693515777588 -0.34490320086479187 -0.14810693264007568 -0.44197559356689453 0.95069897174835205 0.77501606941223145 1.2725268602371216 0 1/00220.png

222 0.81481987237930298 -0.34353405237197876 -0.14960332214832306 -0.4423481822013855 0.95273923873901367 0.78355979919433594 1.2829161882400513 0 1/00219.png

223 0.81570082902908325 -0.34103184938430786 -0.14903135597705841 -0.44285336136817932 0.9461061954498291 0.78109157085418701 1.2730485200881958 0 1/00221.png

224 0.81610411405563354 -0.34027212858200073 -0.15198880434036255 -0.4416879415512085 0.94336247444152832 0.7985912561416626 1.2773761749267578 0 1/00222.png

225 0.81485122442245483 -0.3426266610622406 -0.16101692616939545 -0.43897387385368347 0.90205264091491699 0.82668876647949219 1.2726147174835205 0 1/00224.png

226 0.80963230133056641 -0.33259427547454834 -0.1663895845413208 -0.4540826678276062 0.84927535057067871 0.79145246744155884 1.2978235483169556 0 1/00228.png

227 0.79887920618057251 -0.33253273367881775 -0.16764582693576813 -0.47234401106834412 0.79159808158874512 0.72957104444503784 1.3049774169921875 0 1/00232.png

228 0.81473588943481445 -0.33878207206726074 -0.16457264125347137 -0.4408491849899292 0.87985599040985107 0.82593095302581787 1.2828389406204224 0 1/00225.png

229 0.81236642599105835 -0.33769485354423523 -0.16865156590938568 -0.44449931383132935 0.86377215385437012 0.82413375377655029 1.2866466045379639 0 1/00226.png

230 0.79448419809341431 -0.3281826376914978 -0.16569711267948151 -0.48335856199264526 0.78340053558349609 0.68686163425445557 1.3163572549819946 0 1/00233.png

231 0.81144630908966064 -0.33815476298332214 -0.16780640184879303 -0.44614711403846741 0.8539884090423584 0.81193912029266357 1.2858649492263794 0 1/00227.png

232 0.80637389421463013 -0.33307233452796936 -0.16788217425346375 -0.45895484089851379 0.81944775581359863 0.76753711700439453 1.2972798347473145 0 1/00230.png

233 0.78226953744888306 -0.30277284979820251 -0.15510536730289459 -0.52184802293777466 0.71696221828460693 0.5009801983833313 1.3609752655029297 0 1/00238.png

234 0.79002130031585693 -0.32092222571372986 -0.1683821827173233 -0.49449238181114197 0.74150586128234863 0.6359865665435791 1.3216382265090942 0 1/00235.png

235 0.7918705940246582 -0.3255893886089325 -0.16204178333282471 -0.49058634042739868 0.77666282653808594 0.64869391918182373 1.3175973892211914 0 1/00234.png

236 0.80125784873962402 -0.33197295665740967 -0.17026388645172119 -0.46774980425834656 0.80461680889129639 0.75091975927352905 1.3030405044555664 0 1/00231.png

237 0.7798687219619751 -0.29857861995697021 -0.14800046384334564 -0.52985990047454834 0.72331678867340088 0.45941174030303955 1.3637858629226685 0 1/00239.png

238 0.77833902835845947 -0.29760360717773438 -0.13771529495716095 -0.53540170192718506 0.72740232944488525 0.42160391807556152 1.3609586954116821 0 1/00240.png

239 0.8075299859046936 -0.33534395694732666 -0.16819429397583008 -0.45513781905174255 0.83615922927856445 0.78612101078033447 1.2928719520568848 0 1/00229.png

240 0.78492361307144165 -0.30646741390228271 -0.16343100368976593 -0.51309150457382202 0.70763587951660156 0.5468132495880127 1.3565516471862793 0 1/00237.png

241 0.77852463722229004 -0.29028627276420593 -0.13451914489269257 -0.53994238376617432 0.71092915534973145 0.37866511940956116 1.3695715665817261 0 1/00242.png

242 0.78748822212219238 -0.31195113062858582 -0.17030513286590576 -0.50353240966796875 0.71032881736755371 0.59663885831832886 1.347722053527832 0 1/00236.png

243 0.80004864931106567 -0.26008924841880798 -0.14436964690685272 -0.52099239826202393 0.63397181034088135 0.30540421605110168 1.4015618562698364 0 1/00247.png

244 0.80540412664413452 -0.25355908274650574 -0.1438010185956955 -0.51609426736831665 0.62745249271392822 0.28145524859428406 1.4053372144699097 0 1/00248.png

245 0.79400891065597534 -0.26577851176261902 -0.14204269647598267 -0.5279541015625 0.6499326229095459 0.31605133414268494 1.3983432054519653 0 1/00246.png

246 0.78028237819671631 -0.28058409690856934 -0.13880947232246399 -0.54144608974456787 0.68820512294769287 0.35749292373657227 1.385370135307312 0 1/00243.png

247 0.77812463045120239 -0.29263889789581299 -0.13374809920787811 -0.53944045305252075 0.72196173667907715 0.39307963848114014 1.3672285079956055 0 1/00241.png

248 0.82088863849639893 -0.23942103981971741 -0.13919050991535187 -0.49944499135017395 0.62282466888427734 0.23719573020935059 1.4117205142974854 0 1/00250.png

249 0.81182742118835449 -0.24960802495479584 -0.14324969053268433 -0.50804680585861206 0.6235882043838501 0.26263067126274109 1.4052712917327881 0 1/00249.png

250 0.78850317001342773 -0.27294865250587463 -0.13866296410560608 -0.53341752290725708 0.66764509677886963 0.328001469373703 1.3907067775726318 0 1/00245.png

251 0.78387320041656494 -0.27819544076919556 -0.13857388496398926 -0.53753834962844849 0.67720639705657959 0.34357979893684387 1.3863233327865601 0 1/00244.png

252 0.84193688631057739 -0.23230281472206116 -0.11998596787452698 -0.47199684381484985 0.64878129959106445 0.18595221638679504 1.3941045999526978 0 1/00253.png

253 0.82582008838653564 -0.23424230515956879 -0.13534626364707947 -0.49480608105659485 0.62545990943908691 0.20842528343200684 1.4102915525436401 0 1/00251.png

254 0.86004292964935303 -0.22892516851425171 -0.1181335374712944 -0.44041332602500916 0.63942205905914307 0.20031419396400452 1.3988268375396729 0 1/00256.png

255 0.85544407367706299 -0.22969704866409302 -0.11504688858985901 -0.44968760013580322 0.64740264415740967 0.19006502628326416 1.3933789730072021 0 1/00255.png

256 0.83592873811721802 -0.23436355590820312 -0.12346543371677399 -0.48067983984947205 0.64065301418304443 0.19537597894668579 1.3971149921417236 0 1/00252.png

257 0.88856965303421021 -0.23412632942199707 -0.098311789333820343 -0.38205182552337646 0.6533973217010498 0.20685061812400818 1.3964189291000366 0 1/00262.png

258 0.89358264207839966 -0.23729532957077026 -0.092942088842391968 -0.36954396963119507 0.63085997104644775 0.20575195550918579 1.3984494209289551 0 1/00264.png

259 0.87744706869125366 -0.23445490002632141 -0.10788621753454208 -0.40432417392730713 0.65859460830688477 0.22249659895896912 1.3943022489547729 0 1/00259.png

260 0.87161964178085327 -0.23722179234027863 -0.11072228848934174 -0.41442203521728516 0.65497958660125732 0.22298440337181091 1.3909499645233154 0 1/00258.png

261 0.84781891107559204 -0.23176665604114532 -0.11587577313184738 -0.46266636252403259 0.65179979801177979 0.18442842364311218 1.3922159671783447 0 1/00254.png

262 0.89136075973510742 -0.23559868335723877 -0.095325157046318054 -0.37534287571907043 0.64155447483062744 0.20611017942428589 1.3969281911849976 0 1/00263.png

263 0.88779753446578979 -0.23435923457145691 -0.097373217344284058 -0.38393980264663696 0.66318464279174805 0.21608173847198486 1.3928868770599365 0 1/00261.png

264 0.8962482213973999 -0.25012686848640442 -0.08518826961517334 -0.35625651478767395 0.62919342517852783 0.22629976272583008 1.3891831636428833 0 1/00266.png

265 0.88307899236679077 -0.23762460052967072 -0.09863145649433136 -0.39240020513534546 0.66780364513397217 0.22369518876075745 1.3881491422653198 0 1/00260.png

266 0.86387395858764648 -0.23105539381504059 -0.11811941862106323 -0.43172097206115723 0.64195346832275391 0.21041855216026306 1.4022189378738403 0 1/00257.png

267 0.90634840726852417 -0.27116572856903076 -0.07330525666475296 -0.31563907861709595 0.61937463283538818 0.29630374908447266 1.3825695514678955 0 1/00270.png

268 0.9006725549697876 -0.2617117166519165 -0.074288345873355865 -0.33878788352012634 0.63881468772888184 0.25756719708442688 1.3864836692810059 0 1/00268.png

269 0.89827656745910645 -0.25411155819892883 -0.080895274877548218 -0.34925985336303711 0.63107109069824219 0.24125358462333679 1.3917189836502075 0 1/00267.png

270 0.91047364473342896 -0.27768802642822266 -0.072074778378009796 -0.29787963628768921 0.5972331166267395 0.32283955812454224 1.3871724605560303 0 1/00272.png

271 0.91203105449676514 -0.28710898756980896 -0.072226777672767639 -0.28381523489952087 0.5694013237953186 0.35457199811935425 1.3796985149383545 0 1/00274.png

272 0.90434950590133667 -0.26418101787567139 -0.074084460735321045 -0.32691279053688049 0.62813246250152588 0.27102640271186829 1.3846755027770996 0 1/00269.png

273 0.89524281024932861 -0.24139153957366943 -0.088009350001811981 -0.36403959989547729 0.62982380390167236 0.20813822746276855 1.3961976766586304 0 1/00265.png

274 0.91127341985702515 -0.28210604190826416 -0.07136063277721405 -0.29138395190238953 0.58446574211120605 0.33305984735488892 1.3811136484146118 0 1/00273.png

275 0.91295051574707031 -0.3005729615688324 -0.066289477050304413 -0.26792362332344055 0.5494009256362915 0.38806110620498657 1.3680571317672729 0 1/00277.png

276 0.91182523965835571 -0.28921353816986084 -0.07325822114944458 -0.28207018971443176 0.55778247117996216 0.36087495088577271 1.3867008686065674 0 1/00275.png

277 0.90769028663635254 -0.27807635068893433 -0.072093643248081207 -0.30589926242828369 0.61229348182678223 0.3187122642993927 1.3807047605514526 0 1/00271.png

278 0.91345494985580444 -0.29293394088745117 -0.06825508177280426 -0.27410039305686951 0.55239790678024292 0.36782073974609375 1.3772103786468506 0 1/00276.png

279 0.91466569900512695 -0.30858811736106873 -0.06160099059343338 -0.25370317697525024 0.51362836360931396 0.40858519077301025 1.3553758859634399 0 1/00280.png

280 0.91483163833618164 -0.30729770660400391 -0.06137823686003685 -0.2547229528427124 0.53092795610427856 0.40499532222747803 1.355516791343689 0 1/00279.png

281 0.91390419006347656 -0.30413216352462769 -0.063496872782707214 -0.26124858856201172 0.54371893405914307 0.3981529176235199 1.3637081384658813 0 1/00278.png

282 0.91378241777420044 -0.31230252981185913 -0.067219778895378113 -0.25089898705482483 0.43934738636016846 0.42985272407531738 1.3628758192062378 0 1/00283.png

283 0.9147261381149292 -0.31040984392166138 -0.067099444568157196 -0.24983872473239899 0.45699024200439453 0.42290249466896057 1.3560426235198975 0 1/00282.png

284 0.91262900829315186 -0.31926006078720093 -0.06606341153383255 -0.24661089479923248 0.41179317235946655 0.44814777374267578 1.353169322013855 0 1/00285.png

285 0.91509050130844116 -0.30800697207450867 -0.066126666963100433 -0.25173050165176392 0.48440533876419067 0.41114693880081177 1.3569343090057373 0 1/00281.png

286 0.91401803493499756 -0.31265559792518616 -0.067467868328094482 -0.24953080713748932 0.4252045750617981 0.43028342723846436 1.3655552864074707 0 1/00284.png

287 0.91174083948135376 -0.32741644978523254 -0.070123344659805298 -0.23792821168899536 0.3524477481842041 0.49986344575881958 1.3648025989532471 0 1/00288.png

288 0.91098332405090332 -0.33180820941925049 -0.073620222508907318 -0.23365116119384766 0.32416445016860962 0.53346604108810425 1.3677389621734619 0 1/00289.png

289 0.91166061162948608 -0.32518988847732544 -0.068551152944564819 -0.24171720445156097 0.37588691711425781 0.48535755276679993 1.3687788248062134 0 1/00287.png

290 0.91194993257522583 -0.32415324449539185 -0.068265922367572784 -0.24209842085838318 0.39084112644195557 0.476512610912323 1.3593094348907471 0 1/00286.png

291 0.91412603855133057 -0.33446165919303894 -0.079254835844039917 -0.21500596404075623 0.26483547687530518 0.58076906204223633 1.3894224166870117 0 1/00291.png

292 0.91602420806884766 -0.33788001537322998 -0.083177201449871063 -0.19954517483711243 0.20806288719177246 0.63301634788513184 1.4082552194595337 0 1/00293.png

293 0.911274254322052 -0.33697417378425598 -0.076460510492324829 -0.22401222586631775 0.29602110385894775 0.56362789869308472 1.3730674982070923 0 1/00290.png

294 0.91472172737121582 -0.33868613839149475 -0.079962402582168579 -0.2053823322057724 0.23587596416473389 0.61069327592849731 1.3891992568969727 0 1/00292.png

295 0.91618180274963379 -0.34178060293197632 -0.082961574196815491 -0.19213119149208069 0.1908373236656189 0.65152204036712646 1.4089580774307251 0 1/00294.png

296 0.91613304615020752 -0.35101789236068726 -0.080863982439041138 -0.17591963708400726 0.16666197776794434 0.70047909021377563 1.413689136505127 0 1/00296.png

297 0.91846179962158203 -0.3478018045425415 -0.081464558839797974 -0.16978003084659576 0.15040546655654907 0.71227258443832397 1.4349169731140137 0 1/00297.png

298 0.91897332668304443 -0.35200631618499756 -0.082321584224700928 -0.15748904645442963 0.12324845790863037 0.73706340789794922 1.4335001707077026 0 1/00298.png

299 0.91857951879501343 -0.35450717806816101 -0.087774589657783508 -0.15110267698764801 0.095610529184341431 0.76391810178756714 1.442365288734436 0 1/00299.png

300 0.91175168752670288 -0.38792052865028381 -0.060931578278541565 -0.12047291547060013 0.16421884298324585 0.89482933282852173 1.4483630657196045 0 1/00304.png

301 0.91672766208648682 -0.34450781345367432 -0.082053236663341522 -0.18491092324256897 0.17958724498748779 0.6722678542137146 1.4137558937072754 0 1/00295.png

302 0.91242927312850952 -0.38180279731750488 -0.071009919047355652 -0.12906230986118317 0.13083678483963013 0.87858831882476807 1.4439382553100586 0 1/00303.png

303 0.91460639238357544 -0.37259820103645325 -0.079007036983966827 -0.13573360443115234 0.1057736873626709 0.84788674116134644 1.4453576803207397 0 1/00302.png

304 0.91335803270339966 -0.39076116681098938 -0.040556855499744415 -0.10694777965545654 0.20174103975296021 0.90297019481658936 1.4480142593383789 0 1/00305.png

305 0.91781491041183472 -0.36033844947814941 -0.084401689469814301 -0.14369544386863708 0.091640502214431763 0.80680739879608154 1.4568066596984863 0 1/00301.png

306 0.91766172647476196 -0.35863041877746582 -0.088120557367801666 -0.14668284356594086 0.085844874382019043 0.78328061103820801 1.4457451105117798 0 1/00300.png

307 0.91490542888641357 -0.39133167266845703 -0.02823902852833271 -0.094921998679637909 0.21930736303329468 0.91373854875564575 1.4552230834960938 0 1/00306.png

308 0.91434192657470703 -0.39527294039726257 -0.019523546099662781 -0.085773207247257233 0.22808241844177246 0.93506014347076416 1.4518471956253052 0 1/00307.png

309 0.91407108306884766 -0.39902827143669128 -0.014679761603474617 -0.070958510041236877 0.2109948992729187 0.95947206020355225 1.4569520950317383 0 1/00308.png

310 0.91197144985198975 -0.40778020024299622 -0.019517267122864723 -0.040528412908315659 0.11579030752182007 1.0220125913619995 1.4840087890625 0 1/00312.png

311 0.91359317302703857 -0.40526530146598816 -0.017182875424623489 -0.028499919921159744 0.085085630416870117 1.0259974002838135 1.4980001449584961 0 1/00313.png

312 0.91172134876251221 -0.40787288546562195 -0.016593169420957565 -0.046136457473039627 0.14161252975463867 1.0100084543228149 1.4660501480102539 0 1/00311.png

313 0.91372567415237427 -0.40067961812019348 -0.015137786045670509 -0.065819539129734039 0.18952077627182007 0.97347128391265869 1.4622510671615601 0 1/00309.png

314 0.90404725074768066 -0.42437538504600525 -0.05025704950094223 -0.0088448105379939079 -0.11190572381019592 1.1453542709350586 1.4845626354217529 0 1/00316.png

315 0.88064354658126831 -0.46528294682502747 -0.084303386509418488 0.029522325843572617 -0.29076024889945984 1.2970912456512451 1.3736145496368408 0 1/00319.png

316 0.91295772790908813 -0.40679216384887695 -0.026054006069898605 -0.018696004524827003 0.027791440486907959 1.0562382936477661 1.5085970163345337 0 1/00314.png

317 0.91298556327819824 -0.40385186672210693 -0.014250453561544418 -0.056194715201854706 0.16994369029998779 0.99339759349822998 1.464830756187439 0 1/00310.png

318 0.90861666202545166 -0.4156227707862854 -0.037697713822126389 -0.015887629240751266 -0.03804895281791687 1.1031180620193481 1.4996895790100098 0 1/00315.png

319 0.87530648708343506 -0.47284573316574097 -0.088321559131145477 0.049545425921678543 -0.32494068145751953 1.3180744647979736 1.3440296649932861 0 1/00320.png

320 0.89734858274459839 -0.43607726693153381 -0.067828871309757233 0.0011588000925257802 -0.18966716527938843 1.2023038864135742 1.4550282955169678 0 1/00317.png

321 0.8663475513458252 -0.48660969734191895 -0.067136280238628387 0.090253464877605438 -0.31744101643562317 1.3564269542694092 1.3191967010498047 0 1/00322.png

322 0.88778311014175415 -0.45340290665626526 -0.078129708766937256 0.012760148383677006 -0.24558459222316742 1.2656824588775635 1.4029151201248169 0 1/00318.png

323 0.86566537618637085 -0.48289856314659119 -0.060434430837631226 0.11738903820514679 -0.33671718835830688 1.3409707546234131 1.3307383060455322 0 1/00323.png

324 0.8727378249168396 -0.47787690162658691 -0.076820343732833862 0.063726983964443207 -0.31285560131072998 1.352785587310791 1.3399009704589844 0 1/00321.png

325 0.86254405975341797 -0.47646316885948181 -0.055925458669662476 0.16085095703601837 -0.41445240378379822 1.3448235988616943 1.3320269584655762 0 1/00325.png

326 0.85550147294998169 -0.48219931125640869 -0.05989585816860199 0.1789233535528183 -0.47318094968795776 1.345954418182373 1.3026158809661865 0 1/00326.png

327 0.83538001775741577 -0.49247846007347107 -0.067871354520320892 0.23451802134513855 -0.57660770416259766 1.2627924680709839 1.2321346998214722 0 1/00329.png

328 0.84915447235107422 -0.48502787947654724 -0.068699009716510773 0.19739601016044617 -0.53539550304412842 1.3349039554595947 1.2713614702224731 0 1/00327.png

329 0.86597257852554321 -0.4763445258140564 -0.056124281138181686 0.14155347645282745 -0.36878204345703125 1.3361679315567017 1.3424191474914551 0 1/00324.png

330 0.84584784507751465 -0.45768135786056519 -0.061840593814849854 0.26691725850105286 -0.57447850704193115 1.1254959106445312 1.3112388849258423 0 1/00331.png

331 0.84075498580932617 -0.49192538857460022 -0.070357717573642731 0.21491919457912445 -0.56534814834594727 1.3213686943054199 1.2355196475982666 0 1/00328.png

332 0.83945512771606445 -0.47661828994750977 -0.063233941793441772 0.25328165292739868 -0.57981431484222412 1.1865189075469971 1.2710452079772949 0 1/00330.png

333 0.85087519884109497 -0.44076246023178101 -0.053169384598731995 0.28091448545455933 -0.56884765625 1.0769938230514526 1.3467079401016235 0 1/00332.png

334 0.85357934236526489 -0.43051823973655701 -0.050600964576005936 0.28895658254623413 -0.56177210807800293 1.0254795551300049 1.3622198104858398 0 1/00333.png

335 0.86982220411300659 -0.40299281477928162 -0.013499942608177662 0.28429526090621948 -0.4509432315826416 0.95646548271179199 1.4044852256774902 0 1/00336.png

336 0.85929834842681885 -0.41614887118339539 -0.043283488601446152 0.2941989004611969 -0.54407644271850586 0.98714184761047363 1.3850007057189941 0 1/00334.png

337 0.87401735782623291 -0.39635902643203735 0.0047902483493089676 0.28101629018783569 -0.39387089014053345 0.95162153244018555 1.4105550050735474 0 1/00337.png

338 0.86359989643096924 -0.41149616241455078 -0.029281020164489746 0.28984272480010986 -0.50483834743499756 0.97541284561157227 1.39011549949646 0 1/00335.png

339 0.87584948539733887 -0.39141294360160828 0.030508460476994514 0.28062945604324341 -0.33869463205337524 0.95895481109619141 1.4227814674377441 0 1/00338.png

340 0.87880754470825195 -0.38193023204803467 0.096752293407917023 0.26919430494308472 -0.21069911122322083 0.94785153865814209 1.4450896978378296 0 1/00342.png

341 0.87663006782531738 -0.39234068989753723 0.067013576626777649 0.27036577463150024 -0.26073566079139709 0.97056245803833008 1.4230300188064575 0 1/00340.png

342 0.87624144554138184 -0.38532686233520508 0.10950571298599243 0.26782944798469543 -0.19620221853256226 0.95899677276611328 1.4429128170013428 0 1/00343.png

343 0.87614178657531738 -0.39076173305511475 0.051649287343025208 0.27751240134239197 -0.29811882972717285 0.96634763479232788 1.4250702857971191 0 1/00339.png

344 0.87800019979476929 -0.38753372430801392 0.084014169871807098 0.26809501647949219 -0.2293892502784729 0.95553988218307495 1.436234712600708 0 1/00341.png

345 0.86885267496109009 -0.39724236726760864 0.15956710278987885 0.24866001307964325 -0.13413625955581665 0.98071968555450439 1.4333617687225342 0 1/00347.png

346 0.8745882511138916 -0.38987317681312561 0.12062572687864304 0.26180851459503174 -0.18747448921203613 0.96569514274597168 1.4380130767822266 0 1/00344.png

347 0.87453782558441162 -0.39038699865341187 0.13359740376472473 0.25482022762298584 -0.16813814640045166 0.97009199857711792 1.4411816596984863 0 1/00345.png

348 0.87198901176452637 -0.39468264579772949 0.1418958455324173 0.25244086980819702 -0.15099543333053589 0.97253084182739258 1.4359661340713501 0 1/00346.png

349 0.86618894338607788 -0.40408560633659363 0.16949313879013062 0.24021577835083008 -0.12682008743286133 0.99260437488555908 1.4210900068283081 0 1/00348.png

350 0.86115634441375732 -0.41125336289405823 0.18860022723674774 0.23175494372844696 -0.12059891223907471 1.0003464221954346 1.4152493476867676 0 1/00350.png

351 0.86451905965805054 -0.40644800662994385 0.17599089443683624 0.23755860328674316 -0.12416195869445801 0.99577641487121582 1.4277095794677734 0 1/00349.png

352 0.84978502988815308 -0.43731427192687988 0.20022913813591003 0.2157076895236969 -0.20878274738788605 1.0197283029556274 1.3820198774337769 0 1/00354.png

353 0.85739117860794067 -0.41837513446807861 0.19660405814647675 0.22625070810317993 -0.12232378125190735 1.0159957408905029 1.40166175365448 0 1/00351.png

354 0.85051161050796509 -0.43301418423652649 0.20459215342998505 0.21741828322410583 -0.16510953009128571 1.0167430639266968 1.3806136846542358 0 1/00353.png

355 0.85212290287017822 -0.42691382765769958 0.20432302355766296 0.22334566712379456 -0.13230109214782715 1.0264263153076172 1.3936387300491333 0 1/00352.png

356 0.84070503711700439 -0.4618476927280426 0.19049733877182007 0.20886024832725525 -0.29691502451896667 1.0294150114059448 1.3382124900817871 0 1/00356.png

357 0.83831346035003662 -0.46595674753189087 0.18953840434551239 0.21021397411823273 -0.32272011041641235 1.0217225551605225 1.3417254686355591 0 1/00357.png

358 0.84482598304748535 -0.45083528757095337 0.19657032191753387 0.2106577455997467 -0.25405943393707275 1.0319007635116577 1.3556843996047974 0 1/00355.png

359 0.83871191740036011 -0.4651256799697876 0.18929068744182587 0.21068823337554932 -0.34266874194145203 0.99427056312561035 1.35533607006073 0 1/00358.png

360 0.84590452909469604 -0.44155576825141907 0.2023274153470993 0.22031256556510925 -0.32646974921226501 0.86551237106323242 1.4695971012115479 0 1/00362.png

361 0.84500163793563843 -0.43174099922180176 0.19539949297904968 0.24777227640151978 -0.38954034447669983 0.78025472164154053 1.5526407957077026 0 1/00365.png

362 0.83999806642532349 -0.46358099579811096 0.18782047927379608 0.21028371155261993 -0.3518683910369873 0.96571338176727295 1.3701497316360474 0 1/00359.png

363 0.84354895353317261 -0.45091378688812256 0.19685286283493042 0.21529228985309601 -0.3428591787815094 0.90492784976959229 1.4297183752059937 0 1/00361.png

364 0.84681481122970581 -0.42719921469688416 0.20623029768466949 0.24057114124298096 -0.33782404661178589 0.79564380645751953 1.5404646396636963 0 1/00364.png

365 0.84520041942596436 -0.43536186218261719 0.18261814117431641 0.25049307942390442 -0.44742077589035034 0.76018655300140381 1.5625638961791992 0 1/00366.png

366 0.84173262119293213 -0.45685121417045593 0.19206608831882477 0.21420487761497498 -0.35130643844604492 0.93274837732315063 1.4011800289154053 0 1/00360.png

367 0.8476828932762146 -0.43125727772712708 0.20580862462520599 0.23042064905166626 -0.3200414776802063 0.81669408082962036 1.5124573707580566 0 1/00363.png

368 0.84238362312316895 -0.43230631947517395 0.17360366880893707 0.27085593342781067 -0.56642091274261475 0.67008084058761597 1.6536898612976074 0 1/00372.png

369 0.84730362892150879 -0.43295755982398987 0.17270925641059875 0.25455012917518616 -0.49690884351730347 0.724201500415802 1.5806156396865845 0 1/00367.png

370 0.84174662828445435 -0.43638315796852112 0.17241954803466797 0.26702776551246643 -0.53486943244934082 0.70498073101043701 1.6255170106887817 0 1/00370.png

371 0.84217709302902222 -0.43327006697654724 0.17445443570613861 0.26940777897834778 -0.54056000709533691 0.68377047777175903 1.6446046829223633 0 1/00371.png

372 0.84820950031280518 -0.43285834789276123 0.16533370316028595 0.25659105181694031 -0.52690416574478149 0.71668916940689087 1.5909165143966675 0 1/00368.png

373 0.8439866304397583 -0.43608269095420837 0.16945780813694 0.26230224967002869 -0.53286248445510864 0.71999245882034302 1.6086589097976685 0 1/00369.png

374 0.84870147705078125 -0.41838639974594116 0.16299369931221008 0.27944895625114441 -0.64768081903457642 0.57848405838012695 1.6975162029266357 0 1/00375.png

375 0.84652459621429443 -0.42376327514648438 0.16760815680027008 0.27518767118453979 -0.61590820550918579 0.60620206594467163 1.6870129108428955 0 1/00374.png

376 0.84560000896453857 -0.42555230855941772 0.15823286771774292 0.28076362609863281 -0.68576985597610474 0.58600080013275146 1.6926645040512085 0 1/00376.png

377 0.84237724542617798 -0.42142701148986816 0.15317003428936005 0.29889592528343201 -0.72630167007446289 0.5168495774269104 1.7220911979675293 0 1/00378.png

378 0.84331321716308594 -0.42502132058143616 0.15615007281303406 0.28947705030441284 -0.70687389373779297 0.55798333883285522 1.7112389802932739 0 1/00377.png

379 0.84296107292175293 -0.43218955397605896 0.16977351903915405 0.27167218923568726 -0.59810304641723633 0.64925086498260498 1.6644134521484375 0 1/00373.png

380 0.83024418354034424 -0.42204579710960388 0.16609479486942291 0.32401302456855774 -0.74057102203369141 0.48751920461654663 1.7898688316345215 0 1/00383.png

381 0.83342272043228149 -0.42644190788269043 0.15204024314880371 0.31691890954971313 -0.77541017532348633 0.48632600903511047 1.7507879734039307 0 1/00381.png

382 0.83932763338088989 -0.4227319061756134 0.15114560723304749 0.30656471848487854 -0.75336641073226929 0.50831544399261475 1.7264612913131714 0 1/00379.png

383 0.83525592088699341 -0.42779308557510376 0.150706946849823 0.31085056066513062 -0.77109122276306152 0.50999820232391357 1.7356419563293457 0 1/00380.png

384 0.83429110050201416 -0.42415529489517212 0.15448355674743652 0.31652089953422546 -0.77036267518997192 0.48268282413482666 1.7581872940063477 0 1/00382.png

385 0.82597160339355469 -0.41874247789382935 0.17845860123634338 0.33253279328346252 -0.70281851291656494 0.48346874117851257 1.820636510848999 0 1/00384.png

386 0.82015162706375122 -0.41515696048736572 0.19257403910160065 0.3433820903301239 -0.67784643173217773 0.47886350750923157 1.8607985973358154 0 1/00386.png

387 0.82078343629837036 -0.41937887668609619 0.18944275379180908 0.33844849467277527 -0.68076980113983154 0.48789563775062561 1.8358621597290039 0 1/00385.png

388 0.80915522575378418 -0.41409003734588623 0.19318032264709473 0.36943018436431885 -0.70956772565841675 0.41921836137771606 1.9063261747360229 0 1/00390.png

389 0.81462955474853516 -0.41490989923477173 0.19813860952854156 0.35351043939590454 -0.68461596965789795 0.46323543787002563 1.8864685297012329 0 1/00388.png

390 0.81823438405990601 -0.41438412666320801 0.19493511319160461 0.34753212332725525 -0.67891621589660645 0.47184979915618896 1.8740507364273071 0 1/00387.png

391 0.80193811655044556 -0.41527122259140015 0.19571183621883392 0.38228505849838257 -0.71225303411483765 0.40204280614852905 1.929335355758667 0 1/00392.png

392 0.80694186687469482 -0.41560235619544983 0.19197921454906464 0.37318015098571777 -0.71758675575256348 0.41235083341598511 1.9123752117156982 0 1/00391.png

393 0.81325572729110718 -0.41369485855102539 0.19396206736564636 0.36034759879112244 -0.70169341564178467 0.43682187795639038 1.89821457862854 0 1/00389.png

394 0.79826837778091431 -0.41439899802207947 0.19817925989627838 0.38957154750823975 -0.70257306098937988 0.3917577862739563 1.9457178115844727 0 1/00393.png

395 0.78353232145309448 -0.41283854842185974 0.210966557264328 0.41368412971496582 -0.66820669174194336 0.35884550213813782 2.0093400478363037 0 1/00397.png

396 0.79446113109588623 -0.41424486041069031 0.20154353976249695 0.39574348926544189 -0.69625818729400635 0.387827068567276 1.9606108665466309 0 1/00394.png

397 0.78925186395645142 -0.41529661417007446 0.20463092625141144 0.40340599417686462 -0.69033986330032349 0.38177451491355896 1.9745713472366333 0 1/00395.png

398 0.78526127338409424 -0.41616064310073853 0.20737718045711517 0.40886396169662476 -0.68346238136291504 0.37631115317344666 1.9879521131515503 0 1/00396.png

399 0.78229308128356934 -0.40586447715759277 0.21352878212928772 0.42154136300086975 -0.64821285009384155 0.32591557502746582 2.0339665412902832 0 1/00398.png

400 0.77350234985351562 -0.39063090085983276 0.22494582831859589 0.445534348487854 -0.59256768226623535 0.24644589424133301 2.1114177703857422 0 1/00402.png

401 0.77687108516693115 -0.40081533789634705 0.22156462073326111 0.43211984634399414 -0.61876243352890015 0.30663406848907471 2.072873592376709 0 1/00400.png

402 0.77403682470321655 -0.39138510823249817 0.22784194350242615 0.44246211647987366 -0.58929455280303955 0.27369433641433716 2.1117463111877441 0 1/00401.png

403 0.78044700622558594 -0.40193626284599304 0.21674621105194092 0.42704889178276062 -0.63457262516021729 0.31170085072517395 2.0535531044006348 0 1/00399.png

404 0.77175343036651611 -0.38817358016967773 0.22520482540130615 0.45055603981018066 -0.59904730319976807 0.23472112417221069 2.1264081001281738 0 1/00403.png

405 0.77066010236740112 -0.38926756381988525 0.22647960484027863 0.45084449648857117 -0.60561281442642212 0.23406699299812317 2.1310594081878662 0 1/00404.png

406 0.75196605920791626 -0.39844357967376709 0.25132149457931519 0.46111524105072021 -0.60008788108825684 0.34420317411422729 2.1485264301300049 0 1/00410.png

407 0.76621562242507935 -0.38939115405082703 0.24211210012435913 0.45018872618675232 -0.58185780048370361 0.28500232100486755 2.1468391418457031 0 1/00406.png

408 0.77180123329162598 -0.38773605227470398 0.22968186438083649 0.44858643412590027 -0.59899449348449707 0.24743056297302246 2.1344459056854248 0 1/00405.png

409 0.76511156558990479 -0.38985896110534668 0.24348010122776031 0.45092317461967468 -0.58216679096221924 0.29458370804786682 2.1574113368988037 0 1/00407.png

410 0.75631850957870483 -0.39659973978996277 0.24718554317951202 0.45781028270721436 -0.59909087419509888 0.3291357159614563 2.1497106552124023 0 1/00409.png

411 0.75951230525970459 -0.3944818377494812 0.24484436213970184 0.45560556650161743 -0.59189939498901367 0.30710798501968384 2.1457905769348145 0 1/00408.png

412 0.74432438611984253 -0.40661284327507019 0.26099312305450439 0.46100935339927673 -0.60487759113311768 0.41226577758789062 2.1237826347351074 0 1/00412.png

413 0.74892538785934448 -0.40256419777870178 0.25277146697044373 0.46169191598892212 -0.6098741888999939 0.36901164054870605 2.1334381103515625 0 1/00411.png

414 0.73437666893005371 -0.40793335437774658 0.27589887380599976 0.46707719564437866 -0.57141083478927612 0.45890733599662781 2.1152641773223877 0 1/00414.png

415 0.7404363751411438 -0.4085041880607605 0.26766824722290039 0.46177050471305847 -0.59013849496841431 0.44072100520133972 2.1219134330749512 0 1/00413.png

416 0.72507303953170776 -0.41323226690292358 0.28515136241912842 0.47137764096260071 -0.57617080211639404 0.50332486629486084 2.0973386764526367 0 1/00416.png

417 0.72030550241470337 -0.41372889280319214 0.28716900944709778 0.47699308395385742 -0.59715187549591064 0.52099430561065674 2.0672347545623779 0 1/00418.png

418 0.71629083156585693 -0.41235437989234924 0.29045194387435913 0.48221254348754883 -0.60710734128952026 0.53063219785690308 2.0526237487792969 0 1/00420.png

419 0.72809135913848877 -0.41283512115478516 0.28265669941902161 0.4685673713684082 -0.57027655839920044 0.49540525674819946 2.097252368927002 0 1/00415.png

420 0.7249302864074707 -0.41116803884506226 0.2830350399017334 0.47466623783111572 -0.59066593647003174 0.49545556306838989 2.0846419334411621 0 1/00417.png

421 0.71692895889282227 -0.41485315561294556 0.28988659381866455 0.47945323586463928 -0.60037177801132202 0.53061497211456299 2.0611798763275146 0 1/00419.png

422 0.71458500623703003 -0.40871229767799377 0.2913798987865448 0.48725795745849609 -0.66966933012008667 0.55222862958908081 2.0170350074768066 0 1/00424.png

423 0.71420305967330933 -0.40776389837265015 0.29093730449676514 0.48887419700622559 -0.64765167236328125 0.53984642028808594 2.032494068145752 0 1/00423.png

424 0.71409744024276733 -0.41271772980690002 0.29199308156967163 0.48421993851661682 -0.61697471141815186 0.54152321815490723 2.0423984527587891 0 1/00421.png

425 0.71992504596710205 -0.40784218907356262 0.2899412214756012 0.48094367980957031 -0.74062371253967285 0.60518240928649902 1.9897149801254272 0 1/00427.png

426 0.71236544847488403 -0.41107532382011414 0.2920154333114624 0.48813876509666443 -0.6300654411315918 0.53848278522491455 2.0380909442901611 0 1/00422.png

427 0.7171979546546936 -0.40563493967056274 0.28860199451446533 0.48764359951019287 -0.69302171468734741 0.55355513095855713 2.0146863460540771 0 1/00425.png

428 0.72577929496765137 -0.40029856562614441 0.28647005558013916 0.48056256771087646 -0.77527683973312378 0.61906850337982178 1.9838073253631592 0 1/00430.png

429 0.7184939980506897 -0.40706384181976318 0.28779184818267822 0.48501667380332947 -0.71939361095428467 0.57629460096359253 1.9987475872039795 0 1/00426.png

430 0.72789961099624634 -0.39943414926528931 0.28395086526870728 0.4795689582824707 -0.792106032371521 0.62181359529495239 1.9769147634506226 0 1/00431.png

431 0.72204399108886719 -0.40731114149093628 0.28755784034729004 0.47964644432067871 -0.75803625583648682 0.60596543550491333 1.9839038848876953 0 1/00428.png

432 0.72521126270294189 -0.40057972073554993 0.28607437014579773 0.48142075538635254 -0.76572209596633911 0.60415905714035034 1.9879748821258545 0 1/00429.png

433 0.71973168849945068 -0.39522069692611694 0.27317407727241516 0.50116151571273804 -0.83175230026245117 0.64482897520065308 1.9772360324859619 0 1/00436.png

434 0.72547584772109985 -0.39946720004081726 0.27847811579704285 0.48637506365776062 -0.81534028053283691 0.6193537712097168 1.9701677560806274 0 1/00432.png

435 0.7204742431640625 -0.40355545282363892 0.27664473652839661 0.49145463109016418 -0.83458328247070312 0.63772726058959961 1.9636168479919434 0 1/00433.png

436 0.71500211954116821 -0.39542409777641296 0.27756127715110779 0.50534290075302124 -0.81747686862945557 0.6730421781539917 1.981292724609375 0 1/00437.png

437 0.72041314840316772 -0.40083760023117065 0.27524957060813904 0.49454188346862793 -0.84089505672454834 0.64180636405944824 1.9754687547683716 0 1/00434.png

438 0.70455378293991089 -0.39589604735374451 0.28894129395484924 0.51320874691009521 -0.79115581512451172 0.74665117263793945 1.9773480892181396 0 1/00440.png

439 0.72168344259262085 -0.39596688747406006 0.27356258034706116 0.49754071235656738 -0.83810693025588989 0.63274991512298584 1.9797265529632568 0 1/00435.png

440 0.71133244037628174 -0.39562740921974182 0.28402766585350037 0.5067676305770874 -0.79947364330291748 0.70608294010162354 1.981015682220459 0 1/00438.png

441 0.7085387110710144 -0.39454019069671631 0.28835272789001465 0.50908124446868896 -0.78643453121185303 0.72636514902114868 1.9811804294586182 0 1/00439.png

442 0.71475547552108765 -0.39142492413520813 0.26339584589004517 0.51626908779144287 -0.87606227397918701 0.68948280811309814 1.9483981132507324 0 1/00446.png

443 0.69709211587905884 -0.4058021605014801 0.28249657154083252 0.51921379566192627 -0.8418768048286438 0.77135825157165527 1.9450113773345947 0 1/00443.png

444 0.69668525457382202 -0.40316298604011536 0.28999018669128418 0.51768231391906738 -0.80313539505004883 0.77468198537826538 1.9619214534759521 0 1/00441.png

445 0.70163702964782715 -0.40517526865005493 0.27837902307510376 0.51579409837722778 -0.8603624701499939 0.76899564266204834 1.9341921806335449 0 1/00444.png

446 0.69412046670913696 -0.40530598163604736 0.28949183225631714 0.51972907781600952 -0.81591296195983887 0.77961856126785278 1.9558169841766357 0 1/00442.png

447 0.70806026458740234 -0.40264928340911865 0.27301815152168274 0.5118449330329895 -0.87416929006576538 0.75575143098831177 1.929419994354248 0 1/00445.png

448 0.72140610218048096 -0.37561139464378357 0.25219845771789551 0.52429491281509399 -0.87645620107650757 0.6091846227645874 1.9724923372268677 0 1/00447.png

449 0.72392725944519043 -0.35535639524459839 0.23538407683372498 0.54244405031204224 -0.87950360774993896 0.48256722092628479 1.9983590841293335 0 1/00449.png

450 0.72376590967178345 -0.36709406971931458 0.24383702874183655 0.53098815679550171 -0.87660384178161621 0.55425465106964111 1.9797559976577759 0 1/00448.png

451 0.72653186321258545 -0.34599614143371582 0.22321902215480804 0.55010133981704712 -0.90437459945678711 0.41217207908630371 2.0002608299255371 0 1/00450.png

452 0.73067659139633179 -0.33970937132835388 0.20816344022750854 0.55441617965698242 -0.93951445817947388 0.35190001130104065 1.9895676374435425 0 1/00451.png

453 0.73649626970291138 -0.33674487471580505 0.18611864745616913 0.55635952949523926 -1.0005362033843994 0.28559416532516479 1.94547438621521 0 1/00453.png

454 0.73769873380661011 -0.33294671773910522 0.18105834722518921 0.55871719121932983 -1.0097231864929199 0.25806903839111328 1.9365684986114502 0 1/00454.png

455 0.73432081937789917 -0.33769604563713074 0.19503720104694366 0.55560302734375 -0.9770362377166748 0.31052818894386292 1.9646720886230469 0 1/00452.png

456 0.74010533094406128 -0.32873469591140747 0.17446035146713257 0.56012606620788574 -1.0257014036178589 0.23144549131393433 1.9244480133056641 0 1/00455.png

457 0.74361991882324219 -0.3221970796585083 0.16216772794723511 0.56295645236968994 -1.0533578395843506 0.16879463195800781 1.8947190046310425 0 1/00457.png

458 0.74470043182373047 -0.32340869307518005 0.14943468570709229 0.56435561180114746 -1.0997147560119629 0.13781756162643433 1.8607703447341919 0 1/00458.png

459 0.74417489767074585 -0.33059230446815491 0.13681876659393311 0.56408601999282837 -1.1489772796630859 0.11250543594360352 1.8167190551757812 0 1/00459.png

460 0.74112230539321899 -0.32598850131034851 0.1699434220790863 0.56177270412445068 -1.0339741706848145 0.20512339472770691 1.9120805263519287 0 1/00456.png

461 0.74382698535919189 -0.33231398463249207 0.12503811717033386 0.56626343727111816 -1.1831576824188232 0.078688979148864746 1.7838040590286255 0 1/00460.png

462 0.74855351448059082 -0.31484213471412659 0.12183372676372528 0.57070016860961914 -1.1620588302612305 -0.0048590302467346191 1.7552392482757568 0 1/00464.png

463 0.74422240257263184 -0.33020403981208801 0.11874578893184662 0.56832879781723022 -1.1905875205993652 0.043547928333282471 1.7520976066589355 0 1/00462.png

464 0.7460329532623291 -0.32477572560310364 0.11786734312772751 0.56926518678665161 -1.1804039478302002 0.018911123275756836 1.7443723678588867 0 1/00463.png

465 0.75841587781906128 -0.3023618757724762 0.11088458448648453 0.56664568185806274 -1.166359543800354 -0.075241982936859131 1.6997551918029785 0 1/00467.png

466 0.75242054462432861 -0.31114098429679871 0.11772795766592026 0.56850218772888184 -1.1599726676940918 -0.032458841800689697 1.7313069105148315 0 1/00465.png

467 0.74308204650878906 -0.33232408761978149 0.12298616021871567 0.56768316030502319 -1.1933008432388306 0.065207779407501221 1.7695574760437012 0 1/00461.png

468 0.75583457946777344 -0.30806225538253784 0.11257743835449219 0.56669044494628906 -1.1660618782043457 -0.053941726684570312 1.7082266807556152 0 1/00466.png

469 0.76273965835571289 -0.30241498351097107 0.10327877849340439 0.56223380565643311 -1.1786739826202393 -0.092763781547546387 1.6640959978103638 0 1/00468.png

470 0.77227163314819336 -0.28625497221946716 0.10181787610054016 0.55793166160583496 -1.1483011245727539 -0.14280319213867188 1.6330081224441528 0 1/00471.png

471 0.76650708913803101 -0.29736906290054321 0.10439062118530273 0.55959016084671021 -1.1748478412628174 -0.10564583539962769 1.6563688516616821 0 1/00469.png

472 0.77670580148696899 -0.28121665120124817 0.1003870815038681 0.55458801984786987 -1.1315982341766357 -0.15796953439712524 1.6180397272109985 0 1/00472.png

473 0.77808988094329834 -0.27811864018440247 0.10233943909406662 0.5538526177406311 -1.1123113632202148 -0.16828691959381104 1.609620213508606 0 1/00473.png

474 0.78468847274780273 -0.26894718408584595 0.096868321299552917 0.55004352331161499 -1.0439915657043457 -0.20895594358444214 1.5680952072143555 0 1/00477.png

475 0.78119319677352905 -0.27314013242721558 0.10233354568481445 0.55195963382720947 -1.0938360691070557 -0.17819970846176147 1.6012603044509888 0 1/00474.png

476 0.78372806310653687 -0.2725369930267334 0.099013760685920715 0.54926323890686035 -1.0632507801055908 -0.19229596853256226 1.5750012397766113 0 1/00476.png

477 0.77013427019119263 -0.29026740789413452 0.10027389973402023 0.55909144878387451 -1.1654396057128906 -0.13133931159973145 1.6402888298034668 0 1/00470.png

478 0.78232270479202271 -0.27245372533798218 0.098593443632125854 0.55137962102890015 -1.0794122219085693 -0.18987959623336792 1.584879994392395 0 1/00475.png

479 0.78587847948074341 -0.26694247126579285 0.094975784420967102 0.54965108633041382 -1.0277421474456787 -0.22140443325042725 1.5578089952468872 0 1/00478.png

480 0.79213351011276245 -0.2636563777923584 0.090834490954875946 0.54291713237762451 -0.98317056894302368 -0.24303507804870605 1.5290484428405762 0 1/00481.png

481 0.78673243522644043 -0.26940280199050903 0.095354847609996796 0.547157883644104 -1.0155117511749268 -0.22018992900848389 1.5478396415710449 0 1/00479.png

482 0.81309831142425537 -0.2293018251657486 0.086921088397502899 0.52795511484146118 -0.8275299072265625 -0.3262641429901123 1.4994915723800659 0 1/00489.png

483 0.80086463689804077 -0.25344660878181458 0.089140139520168304 0.53519594669342041 -0.93021142482757568 -0.26671475172042847 1.5162727832794189 0 1/00484.png

484 0.78957611322402954 -0.2663271427154541 0.091762349009513855 0.54517793655395508 -1.0019898414611816 -0.23525649309158325 1.5378115177154541 0 1/00480.png

485 0.8029322624206543 -0.24920547008514404 0.084584005177021027 0.53482896089553833 -0.91745966672897339 -0.28761303424835205 1.509890079498291 0 1/00485.png

486 0.81146669387817383 -0.23514857888221741 0.081663027405738831 0.52873265743255615 -0.87772107124328613 -0.31682419776916504 1.4979490041732788 0 1/00487.png

487 0.79690539836883545 -0.25591906905174255 0.090592361986637115 0.53966665267944336 -0.94388794898986816 -0.2605246901512146 1.5252792835235596 0 1/00483.png

488 0.81385558843612671 -0.22906216979026794 0.087241925299167633 0.52683818340301514 -0.84699803590774536 -0.32020050287246704 1.5028759241104126 0 1/00488.png

489 0.79466348886489868 -0.26167464256286621 0.092416197061538696 0.53990316390991211 -0.96277832984924316 -0.24365895986557007 1.5270966291427612 0 1/00482.png

490 0.80660581588745117 -0.24113170802593231 0.085729636251926422 0.53281611204147339 -0.89296174049377441 -0.30304491519927979 1.5074706077575684 0 1/00486.png

491 0.8127446174621582 -0.22633840143680573 0.086883187294006348 0.52978146076202393 -0.80560839176177979 -0.33365029096603394 1.4996570348739624 0 1/00490.png

492 0.81441086530685425 -0.22432531416416168 0.091696135699748993 0.52726167440414429 -0.78270196914672852 -0.32576477527618408 1.5055398941040039 0 1/00491.png

493 0.81310707330703735 -0.22459004819393158 0.093429349362850189 0.52885442972183228 -0.7634958028793335 -0.32670891284942627 1.5070407390594482 0 1/00492.png

494 0.81599676609039307 -0.22247421741485596 0.087938591837882996 0.52623313665390015 -0.75885629653930664 -0.33481389284133911 1.4965314865112305 0 1/00493.png

495 0.82046401500701904 -0.2183450311422348 0.092140398919582367 0.5202639102935791 -0.73045718669891357 -0.32836759090423584 1.4954334497451782 0 1/00495.png

496 0.82301408052444458 -0.2152940034866333 0.088845841586589813 0.51807588338851929 -0.72304010391235352 -0.33414274454116821 1.4888653755187988 0 1/00496.png

497 0.8185344934463501 -0.21814654767513275 0.089669592678546906 0.52380603551864624 -0.74281388521194458 -0.33500546216964722 1.4979985952377319 0 1/00494.png

498 0.82646286487579346 -0.20943211019039154 0.092731550335884094 0.51429390907287598 -0.69162213802337646 -0.33165645599365234 1.4876388311386108 0 1/00498.png

499 0.82501518726348877 -0.21151922643184662 0.092516049742698669 0.51580065488815308 -0.70342862606048584 -0.33344119787216187 1.490186333656311 0 1/00497.png

500 0.83134603500366211 -0.20835030078887939 0.08528512716293335 0.5081145167350769 -0.70280468463897705 -0.33379107713699341 1.474873423576355 0 1/00499.png

501 0.83879894018173218 -0.21556493639945984 0.09725816547870636 0.49039673805236816 -0.66123366355895996 -0.25348562002182007 1.4782530069351196 0 1/00504.png

502 0.83347225189208984 -0.20961591601371765 0.087120145559310913 0.50378096103668213 -0.70042276382446289 -0.32442933320999146 1.4698598384857178 0 1/00500.png

503 0.83705031871795654 -0.2261691689491272 0.10632883012294769 0.48671174049377441 -0.63984501361846924 -0.19480997323989868 1.4899634122848511 0 1/00506.png

504 0.8370894193649292 -0.21063894033432007 0.088843055069446564 0.49701055884361267 -0.68716239929199219 -0.29615068435668945 1.4694430828094482 0 1/00502.png

505 0.83366799354553223 -0.21184703707695007 0.088107854127883911 0.50234997272491455 -0.69297081232070923 -0.31170618534088135 1.4684520959854126 0 1/00501.png

506 0.83596277236938477 -0.2420053631067276 0.11370638757944107 0.47923958301544189 -0.63871335983276367 -0.1244165301322937 1.4947258234024048 0 1/00508.png

507 0.83801382780075073 -0.22051379084587097 0.10033157467842102 0.48891735076904297 -0.64998841285705566 -0.22500288486480713 1.4820277690887451 0 1/00505.png

508 0.83891123533248901 -0.25433167815208435 0.12125789374113083 0.46566054224967957 -0.63205832242965698 -0.055165708065032959 1.4967179298400879 0 1/00510.png

509 0.83611232042312622 -0.23429679870605469 0.10863540321588516 0.48396226763725281 -0.64043164253234863 -0.16279518604278564 1.4899958372116089 0 1/00507.png

510 0.83711659908294678 -0.21321912109851837 0.095472857356071472 0.49462956190109253 -0.67082762718200684 -0.27449345588684082 1.4794971942901611 0 1/00503.png

511 0.84531557559967041 -0.26356461644172668 0.12653368711471558 0.44717386364936829 -0.63039511442184448 0.0061020255088806152 1.4937565326690674 0 1/00513.png

512 0.85318887233734131 -0.27015402913093567 0.11882814764976501 0.43007594347000122 -0.65500020980834961 0.044930875301361084 1.4777740240097046 0 1/00517.png

513 0.8388131856918335 -0.25867259502410889 0.1279960423707962 0.46162533760070801 -0.62248152494430542 -0.026415884494781494 1.503079891204834 0 1/00511.png

514 0.84749823808670044 -0.26689428091049194 0.1279982328414917 0.44060268998146057 -0.62678158283233643 0.029170751571655273 1.4887092113494873 0 1/00515.png

515 0.84227722883224487 -0.26320281624794006 0.12590932846069336 0.45325508713722229 -0.63102841377258301 -0.0060443878173828125 1.4960216283798218 0 1/00512.png

516 0.83676046133041382 -0.25118517875671387 0.11863544583320618 0.47187229990959167 -0.63718032836914062 -0.083133816719055176 1.4954566955566406 0 1/00509.png

517 0.84648507833480835 -0.26162686944007874 0.12427645176649094 0.44673225283622742 -0.6282731294631958 0.004331052303314209 1.4926432371139526 0 1/00514.png

518 0.84949880838394165 -0.27056500315666199 0.12551979720592499 0.43519094586372375 -0.63716447353363037 0.044562935829162598 1.4835916757583618 0 1/00516.png

519 0.85539853572845459 -0.27563056349754333 0.11889290809631348 0.42212042212486267 -0.66522514820098877 0.067862987518310547 1.4677416086196899 0 1/00518.png

520 0.85909152030944824 -0.27734330296516418 0.11886423081159592 0.41341710090637207 -0.66032660007476807 0.091058135032653809 1.4699031114578247 0 1/00520.png

521 0.85803145170211792 -0.27694240212440491 0.11742758005857468 0.41628801822662354 -0.66719222068786621 0.083040595054626465 1.4667156934738159 0 1/00519.png

522 0.86217820644378662 -0.27649021148681641 0.11957415193319321 0.40731298923492432 -0.65627598762512207 0.099616110324859619 1.469385027885437 0 1/00521.png

523 0.8636431097984314 -0.27935677766799927 0.12191902101039886 0.40151727199554443 -0.65228426456451416 0.11522179841995239 1.4682325124740601 0 1/00522.png

524 0.86783373355865479 -0.28060108423233032 0.1125209778547287 0.3942926824092865 -0.67359137535095215 0.11786454916000366 1.4624402523040771 0 1/00525.png

525 0.86943155527114868 -0.28444698452949524 0.11131029576063156 0.38831520080566406 -0.68302345275878906 0.13251757621765137 1.4569987058639526 0 1/00526.png

526 0.87240791320800781 -0.28624334931373596 0.10921641439199448 0.38084226846694946 -0.69100844860076904 0.14515399932861328 1.4534898996353149 0 1/00527.png

527 0.87390762567520142 -0.2859453558921814 0.1090434342622757 0.37766417860984802 -0.6939084529876709 0.1464838981628418 1.4546996355056763 0 1/00528.png

528 0.86594277620315552 -0.28104457259178162 0.11639634519815445 0.3970000147819519 -0.66420102119445801 0.11790269613265991 1.4643106460571289 0 1/00524.png

529 0.88126975297927856 -0.28837350010871887 0.10340283066034317 0.35987809300422668 -0.71774405241012573 0.16826391220092773 1.4414635896682739 0 1/00530.png

530 0.88353061676025391 -0.28910320997238159 0.10193333029747009 0.35412243008613586 -0.72417175769805908 0.16887831687927246 1.4365435838699341 0 1/00531.png

531 0.86259818077087402 -0.27854615449905396 0.12188004702329636 0.40432867407798767 -0.64985239505767822 0.1097063422203064 1.4734753370285034 0 1/00523.png

532 0.87521064281463623 -0.28706485033035278 0.10794878751039505 0.37409526109695435 -0.70149689912796021 0.15079474449157715 1.4513130187988281 0 1/00529.png

533 0.89133328199386597 -0.28519433736801147 0.096728801727294922 0.33886981010437012 -0.73525905609130859 0.16905292868614197 1.4263114929199219 0 1/00533.png

534 0.88795948028564453 -0.28603038191795349 0.1005607545375824 0.34583538770675659 -0.72695767879486084 0.17029812932014465 1.4325716495513916 0 1/00532.png

535 0.90345609188079834 -0.27816504240036011 0.074103131890296936 0.31764736771583557 -0.78685873746871948 0.14353781938552856 1.3889527320861816 0 1/00537.png

536 0.89938175678253174 -0.28291147947311401 0.080225072801113129 0.32347729802131653 -0.77701222896575928 0.15837377309799194 1.3987017869949341 0 1/00536.png

537 0.91108685731887817 -0.28215679526329041 0.065980404615402222 0.29318073391914368 -0.79652243852615356 0.17358055710792542 1.3551867008209229 0 1/00544.png

538 0.89456439018249512 -0.28202694654464722 0.093954227864742279 0.3337482213973999 -0.74203073978424072 0.16062510013580322 1.421095609664917 0 1/00534.png

539 0.89566361904144287 -0.28333640098571777 0.089159116148948669 0.33099520206451416 -0.75692349672317505 0.16034877300262451 1.4096969366073608 0 1/00535.png

540 0.91271257400512695 -0.27624496817588806 0.063680805265903473 0.29426059126853943 -0.79704374074935913 0.15771663188934326 1.3595999479293823 0 1/00543.png

541 0.90683460235595703 -0.28034278750419617 0.067826621234416962 0.3073408305644989 -0.80172693729400635 0.15105322003364563 1.3713301420211792 0 1/00539.png

542 0.91140216588973999 -0.27340620756149292 0.063216269016265869 0.30099645256996155 -0.8004310131072998 0.13610243797302246 1.3621264696121216 0 1/00541.png

543 0.91016590595245361 -0.28733125329017639 0.067156560719013214 0.29073816537857056 -0.79806208610534668 0.19457581639289856 1.3531012535095215 0 1/00545.png

544 0.91123223304748535 -0.27689987421035767 0.065301291644573212 0.29785561561584473 -0.79691112041473389 0.15246239304542542 1.3611955642700195 0 1/00542.png

545 0.90864348411560059 -0.27562549710273743 0.065317004919052124 0.30680814385414124 -0.80142807960510254 0.13402026891708374 1.3699231147766113 0 1/00540.png

546 0.90450823307037354 -0.28204897046089172 0.071633994579315186 0.31174013018608093 -0.79456579685211182 0.15213838219642639 1.3750231266021729 0 1/00538.png

547 0.90998691320419312 -0.28913095593452454 0.074917711317539215 0.2876012921333313 -0.77706170082092285 0.22098082304000854 1.3641982078552246 0 1/00549.png

548 0.91183018684387207 -0.2866617739200592 0.06628679484128952 0.28635072708129883 -0.79696977138519287 0.20551395416259766 1.3553099632263184 0 1/00547.png

549 0.911204993724823 -0.28685840964317322 0.068622857332229614 0.28759101033210754 -0.79538130760192871 0.20577061176300049 1.3569965362548828 0 1/00546.png

550 0.91069626808166504 -0.28894743323326111 0.070309147238731384 0.28670260310173035 -0.78815996646881104 0.21334788203239441 1.357216477394104 0 1/00548.png

551 0.90859252214431763 -0.29557386040687561 0.076870657503604889 0.28493267297744751 -0.78118646144866943 0.25527742505073547 1.3610248565673828 0 1/00553.png

552 0.90950483083724976 -0.29535463452339172 0.078151963651180267 0.28188464045524597 -0.7782253623008728 0.26998704671859741 1.3648684024810791 0 1/00555.png

553 0.9098055362701416 -0.29014432430267334 0.075129836797714233 0.28709867596626282 -0.7761988639831543 0.22748059034347534 1.3644906282424927 0 1/00550.png

554 0.90811604261398315 -0.2984282374382019 0.082504481077194214 0.28188443183898926 -0.77429723739624023 0.28794574737548828 1.366229772567749 0 1/00557.png

555 0.91031128168106079 -0.28992673754692078 0.071399949491024017 0.28666695952415466 -0.78458178043365479 0.2259800136089325 1.3607696294784546 0 1/00551.png

556 0.90764182806015015 -0.30114248394966125 0.083921588957309723 0.28010118007659912 -0.77561104297637939 0.3065887987613678 1.3637722730636597 0 1/00559.png

557 0.90925651788711548 -0.29651817679405212 0.081787742674350739 0.28042891621589661 -0.77391314506530762 0.28130477666854858 1.3663673400878906 0 1/00556.png

558 0.9086347222328186 -0.29712086915969849 0.077048182487487793 0.28313535451889038 -0.78078341484069824 0.26650628447532654 1.362104058265686 0 1/00554.png

559 0.91030526161193848 -0.29099792242050171 0.072225809097290039 0.28539103269577026 -0.7864307165145874 0.23447269201278687 1.3587239980697632 0 1/00552.png

560 0.90798252820968628 -0.29963341355323792 0.084208369255065918 0.28052893280982971 -0.77260828018188477 0.29938465356826782 1.3661997318267822 0 1/00558.png

561 0.90717506408691406 -0.30562743544578552 0.088843174278736115 0.27519482374191284 -0.77247381210327148 0.34337711334228516 1.3577347993850708 0 1/00565.png

562 0.90558290481567383 -0.30674988031387329 0.086938895285129547 0.27976024150848389 -0.77891874313354492 0.33173716068267822 1.3587424755096436 0 1/00562.png

563 0.90572291612625122 -0.3067162036895752 0.087335571646690369 0.27921959757804871 -0.77614003419876099 0.33422574400901794 1.3590209484100342 0 1/00563.png

564 0.90637540817260742 -0.30478748679161072 0.083944320678710938 0.28025251626968384 -0.78232324123382568 0.32181695103645325 1.3581974506378174 0 1/00561.png

565 0.9068763256072998 -0.30594551563262939 0.085834495723247528 0.27677625417709351 -0.77664142847061157 0.33733075857162476 1.3554022312164307 0 1/00564.png

566 0.90658354759216309 -0.30544403195381165 0.089486390352249146 0.27713242173194885 -0.76849466562271118 0.34038776159286499 1.356837272644043 0 1/00568.png

567 0.9061550498008728 -0.30553814768791199 0.091413497924804688 0.27780032157897949 -0.76600074768066406 0.34105166792869568 1.3604286909103394 0 1/00567.png

568 0.90696096420288086 -0.30220499634742737 0.084579221904277802 0.28096303343772888 -0.77842211723327637 0.31227666139602661 1.3624706268310547 0 1/00560.png

569 0.90540003776550293 -0.30777639150619507 0.088793694972991943 0.27863979339599609 -0.7728428840637207 0.34113612771034241 1.3535223007202148 0 1/00569.png

570 0.90489578247070312 -0.30621981620788574 0.091566242277622223 0.28108447790145874 -0.76885390281677246 0.3406827449798584 1.3589574098587036 0 1/00571.png

571 0.90537911653518677 -0.30522075295448303 0.090009480714797974 0.28111791610717773 -0.77002954483032227 0.34036916494369507 1.3592381477355957 0 1/00572.png

572 0.90553134679794312 -0.30633574724197388 0.087790317833423615 0.28011471033096313 -0.7753288745880127 0.33689501881599426 1.3542274236679077 0 1/00570.png

573 0.90628212690353394 -0.30618548393249512 0.089449413120746613 0.2773120105266571 -0.77076441049575806 0.3409578800201416 1.3580135107040405 0 1/00566.png

