# Image list with two lines of data per image:
#   IMAGE_ID, QW, QX, QY, QZ, TX, TY, TZ, CAMERA_ID, NAME
#   POINTS2D[] as (X, Y, POINT3D_ID)
# Number of images: 573, mean observations per image: 0
1 0.46940448880195618 0.85556358098983765 0.19048184156417847 -0.10671069473028183 -1.419666051864624 1.3297042846679688 0.66582101583480835 0 1/00013.png

2 0.46317523717880249 0.86611628532409668 0.16538979113101959 -0.089204452931880951 -1.4061055183410645 1.3715410232543945 0.55500352382659912 0 1/00011.png

3 0.4427374005317688 0.87613219022750854 0.1747051328420639 -0.076511919498443604 -1.4524502754211426 1.3218932151794434 0.56770032644271851 0 1/00006.png

4 0.46892929077148438 0.85937964916229248 0.17794477939605713 -0.09953685849905014 -1.417668342590332 1.3525495529174805 0.62393909692764282 0 1/00012.png

5 0.41580629348754883 0.78359663486480713 0.39577221870422363 -0.23758314549922943 -1.0732598304748535 0.95887374877929688 1.4406356811523438 0 1/00027.png

6 0.41689369082450867 0.8747592568397522 0.23255954682826996 -0.083137556910514832 -1.5206518173217773 1.1671382188796997 0.66509330272674561 0 1/00001.png

7 0.44133585691452026 0.83655542135238647 0.27057811617851257 -0.17940226197242737 -1.2550606727600098 1.191338062286377 1.112595796585083 0 1/00020.png

8 0.42782720923423767 0.8787122368812561 0.19721700251102448 -0.077034078538417816 -1.4840331077575684 1.2590242624282837 0.62026375532150269 0 1/00004.png

9 0.46626946330070496 0.84672439098358154 0.22244937717914581 -0.12714855372905731 -1.3940219879150391 1.2689118385314941 0.81909972429275513 0 1/00016.png

10 0.42355084419250488 0.87449604272842407 0.22217707335948944 -0.080614335834980011 -1.5109546184539795 1.1912529468536377 0.64853364229202271 0 1/00002.png

11 0.43494632840156555 0.82618021965026855 0.30189415812492371 -0.1926339864730835 -1.2179453372955322 1.130825400352478 1.2071747779846191 0 1/00022.png

12 0.44533073902130127 0.87581199407577515 0.16630510985851288 -0.083525985479354858 -1.4260754585266113 1.3582113981246948 0.55606043338775635 0 1/00007.png

13 0.43570417165756226 0.83008569478988647 0.2895655632019043 -0.19305802881717682 -1.2363554239273071 1.1668503284454346 1.1889557838439941 0 1/00021.png

14 0.43260535597801208 0.87812435626983643 0.19092302024364471 -0.072792120277881622 -1.484464168548584 1.2734465599060059 0.58875894546508789 0 1/00005.png

15 0.46294888854026794 0.8671608567237854 0.16392172873020172 -0.082704350352287292 -1.4198558330535889 1.3671014308929443 0.53502196073532104 0 1/00010.png

16 0.42037943005561829 0.79657912254333496 0.36975044012069702 -0.22809544205665588 -1.098688006401062 1.0044749975204468 1.3913969993591309 0 1/00026.png

17 0.42574670910835266 0.87674260139465332 0.20874346792697906 -0.080550380051136017 -1.4956912994384766 1.2291562557220459 0.64396208524703979 0 1/00003.png

18 0.44029659032821655 0.8407670259475708 0.26112735271453857 -0.17624463140964508 -1.2790689468383789 1.2206592559814453 1.0864652395248413 0 1/00019.png

19 0.46804806590080261 0.85364377498626709 0.20061494410037994 -0.1094391718506813 -1.4217426776885986 1.3056946992874146 0.7033722996711731 0 1/00014.png

20 0.44946128129959106 0.84221184253692627 0.24762344360351562 -0.16536717116832733 -1.3095660209655762 1.2465333938598633 1.0090270042419434 0 1/00018.png

21 0.46211987733840942 0.86856961250305176 0.15990762412548065 -0.080383777618408203 -1.4183344841003418 1.3716785907745361 0.52394747734069824 0 1/00009.png

22 0.42612084746360779 0.80457717180252075 0.35173541307449341 -0.21762080490589142 -1.1383078098297119 1.0402522087097168 1.343786358833313 0 1/00025.png

23 0.41590416431427002 0.77443885803222656 0.41330325603485107 -0.23758900165557861 -1.0519678592681885 0.92478764057159424 1.4662258625030518 0 1/00028.png

24 0.43445080518722534 0.81047344207763672 0.33527451753616333 -0.20488123595714569 -1.1783342361450195 1.0631536245346069 1.2662438154220581 0 1/00024.png

25 0.43721625208854675 0.81935369968414307 0.3161577582359314 -0.19376705586910248 -1.2016391754150391 1.0899533033370972 1.2074182033538818 0 1/00023.png

26 0.45067930221557617 0.8732534646987915 0.16894486546516418 -0.075988501310348511 -1.4486191272735596 1.344448447227478 0.52841007709503174 0 1/00008.png

27 0.47194570302963257 0.84806400537490845 0.21017464995384216 -0.1178191602230072 -1.4082114696502686 1.2906732559204102 0.76244586706161499 0 1/00015.png

28 0.46153274178504944 0.84443885087966919 0.23170320689678192 -0.14221194386482239 -1.353229284286499 1.260244607925415 0.89802688360214233 0 1/00017.png

29 0.41308817267417908 0.73361271619796753 0.48391595482826233 -0.23873816430568695 -0.95654356479644775 0.77197569608688354 1.538878321647644 0 1/00033.png

30 0.41004544496536255 0.77223682403564453 0.41983708739280701 -0.24341297149658203 -1.024240255355835 0.91135191917419434 1.4963334798812866 0 1/00029.png

31 0.40994498133659363 0.76005953550338745 0.44019106030464172 -0.24593997001647949 -1.0118170976638794 0.87227541208267212 1.5297917127609253 0 1/00030.png

32 0.41713112592697144 0.75055491924285889 0.45291662216186523 -0.23986527323722839 -0.99866664409637451 0.84311681985855103 1.5053664445877075 0 1/00031.png

33 0.41764223575592041 0.74739229679107666 0.46123996376991272 -0.23288938403129578 -0.98721253871917725 0.81249105930328369 1.4984071254730225 0 1/00032.png

34 0.40843084454536438 0.69772708415985107 0.53868240118026733 -0.23702836036682129 -0.89587759971618652 0.62221992015838623 1.6075098514556885 0 1/00037.png

35 0.35289159417152405 0.66169333457946777 0.60503655672073364 -0.26750749349594116 -0.63036733865737915 0.47022449970245361 1.7947742938995361 0 1/00042.png

36 0.41705748438835144 0.71419388055801392 0.51054775714874268 -0.23522554337978363 -0.93721973896026611 0.7043110728263855 1.5532143115997314 0 1/00035.png

37 0.41087502241134644 0.70699048042297363 0.52413558959960938 -0.23796674609184265 -0.91402953863143921 0.67199784517288208 1.5922799110412598 0 1/00036.png

38 0.41710034012794495 0.72397476434707642 0.49600556492805481 -0.23636084794998169 -0.94417071342468262 0.7420504093170166 1.5406413078308105 0 1/00034.png

39 0.39634621143341064 0.67410099506378174 0.57437169551849365 -0.24206346273422241 -0.81738173961639404 0.53813862800598145 1.6736421585083008 0 1/00039.png

40 0.38124936819076538 0.67192870378494263 0.58329349756240845 -0.25085747241973877 -0.75393331050872803 0.51553422212600708 1.7128140926361084 0 1/00040.png

41 0.40427085757255554 0.6854405403137207 0.55689311027526855 -0.23792073130607605 -0.86172103881835938 0.57454252243041992 1.6338545083999634 0 1/00038.png

42 0.36338436603546143 0.66871756315231323 0.59350097179412842 -0.26177343726158142 -0.68186688423156738 0.49325519800186157 1.7589254379272461 0 1/00041.png

43 0.34481126070022583 0.66411817073822021 0.60430645942687988 -0.27361655235290527 -0.59583896398544312 0.46629559993743896 1.825575590133667 0 1/00043.png

44 0.3245825469493866 0.67883026599884033 0.59768801927566528 -0.27677544951438904 -0.55567049980163574 0.44843527674674988 1.8665376901626587 0 1/00045.png

45 0.31818240880966187 0.68869704008102417 0.59044283628463745 -0.27537891268730164 -0.55488395690917969 0.4369904100894928 1.8728957176208496 0 1/00046.png

46 0.31608730554580688 0.69751232862472534 0.58371371030807495 -0.26989585161209106 -0.56957811117172241 0.42488080263137817 1.8697595596313477 0 1/00047.png

47 0.331624835729599 0.6741948127746582 0.59918546676635742 -0.27651965618133545 -0.56923651695251465 0.46305030584335327 1.854283332824707 0 1/00044.png

48 0.31668046116828918 0.71300286054611206 0.56698346138000488 -0.26432976126670837 -0.58872824907302856 0.40761750936508179 1.8498566150665283 0 1/00050.png

49 0.32702010869979858 0.72378325462341309 0.55079364776611328 -0.25655803084373474 -0.60170608758926392 0.39753788709640503 1.8145978450775146 0 1/00055.png

50 0.32357299327850342 0.73015105724334717 0.54514932632446289 -0.25493589043617249 -0.5960623025894165 0.39229172468185425 1.8102196455001831 0 1/00056.png

51 0.32879400253295898 0.72022038698196411 0.55367767810821533 -0.2581048309803009 -0.60380244255065918 0.40226083993911743 1.8174916505813599 0 1/00054.png

52 0.31478101015090942 0.70979362726211548 0.57179301977157593 -0.26487508416175842 -0.58809161186218262 0.40796154737472534 1.8573901653289795 0 1/00049.png

53 0.31710314750671387 0.71751713752746582 0.56189495325088501 -0.26246678829193115 -0.58726662397384644 0.40464609861373901 1.8495793342590332 0 1/00051.png

54 0.31383708119392395 0.70421957969665527 0.57854002714157104 -0.26621866226196289 -0.57954949140548706 0.41376286745071411 1.8733971118927002 0 1/00048.png

55 0.31649288535118103 0.72154915332794189 0.55610817670822144 -0.26446694135665894 -0.58281642198562622 0.40449225902557373 1.8380916118621826 0 1/00052.png

56 0.32076039910316467 0.71926474571228027 0.55776429176330566 -0.2620493471622467 -0.58959358930587769 0.4018382728099823 1.8349497318267822 0 1/00053.png

57 0.32577919960021973 0.7396857738494873 0.53192609548568726 -0.25256180763244629 -0.59542793035507202 0.39957666397094727 1.7968230247497559 0 1/00058.png

58 0.32279640436172485 0.74942082166671753 0.52197277545928955 -0.24842573702335358 -0.59503579139709473 0.39299163222312927 1.7842965126037598 0 1/00059.png

59 0.33213156461715698 0.73391962051391602 0.53753393888473511 -0.24921457469463348 -0.60766303539276123 0.40242689847946167 1.7890329360961914 0 1/00057.png

60 0.31016740202903748 0.76615482568740845 0.50770014524459839 -0.24298892915248871 -0.57098495960235596 0.36941587924957275 1.7895777225494385 0 1/00061.png

61 0.31856566667556763 0.75620323419570923 0.51346182823181152 -0.25105699896812439 -0.57687461376190186 0.39632859826087952 1.7849628925323486 0 1/00060.png

62 0.29589521884918213 0.80963760614395142 0.444507896900177 -0.24360944330692291 -0.50635397434234619 0.41717362403869629 1.7549291849136353 0 1/00067.png

63 0.30735564231872559 0.7743486762046814 0.49872255325317383 -0.23914940655231476 -0.5745314359664917 0.35773876309394836 1.7763388156890869 0 1/00062.png

64 0.2985357940196991 0.7991606593132019 0.46831077337265015 -0.23000809550285339 -0.5613899827003479 0.36603334546089172 1.7599918842315674 0 1/00065.png

65 0.29522740840911865 0.8055039644241333 0.45680752396583557 -0.23522546887397766 -0.53950625658035278 0.3851642906665802 1.7563012838363647 0 1/00066.png

66 0.30506348609924316 0.782848060131073 0.48816376924514771 -0.2361808717250824 -0.57501167058944702 0.3565765917301178 1.7657608985900879 0 1/00063.png

67 0.3039076030254364 0.8263094425201416 0.41495227813720703 -0.2294938713312149 -0.4319629967212677 0.51432192325592041 1.7628688812255859 0 1/00075.png

68 0.2908879816532135 0.82626008987426758 0.41272011399269104 -0.2496810257434845 -0.42407345771789551 0.48675060272216797 1.7637366056442261 0 1/00071.png

69 0.29984366893768311 0.79007017612457275 0.4789675772190094 -0.2376406341791153 -0.56036978960037231 0.36368536949157715 1.7650328874588013 0 1/00064.png

70 0.29032585024833679 0.82511758804321289 0.41593363881111145 -0.24877922236919403 -0.43936255574226379 0.47178685665130615 1.7590606212615967 0 1/00070.png

71 0.29254478216171265 0.82585877180099487 0.41760614514350891 -0.24079045653343201 -0.42957806587219238 0.48123776912689209 1.7659906148910522 0 1/00072.png

72 0.28672826290130615 0.81793034076690674 0.4334234893321991 -0.24682150781154633 -0.47113776206970215 0.42860537767410278 1.7725847959518433 0 1/00068.png

73 0.30435097217559814 0.83172279596328735 0.41171646118164062 -0.21470287442207336 -0.42549547553062439 0.52343010902404785 1.7755579948425293 0 1/00078.png

74 0.28542283177375793 0.82503646612167358 0.4204399585723877 -0.24714133143424988 -0.45289468765258789 0.44598448276519775 1.7640959024429321 0 1/00069.png

75 0.31211090087890625 0.82803010940551758 0.41357773542404175 -0.21425779163837433 -0.42796888947486877 0.53129488229751587 1.7695242166519165 0 1/00079.png

76 0.30826374888420105 0.82779610157012939 0.41280296444892883 -0.22208277881145477 -0.42540478706359863 0.52672731876373291 1.7666176557540894 0 1/00077.png

77 0.29702794551849365 0.82897812128067017 0.41367083787918091 -0.23118439316749573 -0.44157052040100098 0.48687976598739624 1.7589936256408691 0 1/00073.png

78 0.30769482254981995 0.82578039169311523 0.41536292433738708 -0.22557541728019714 -0.42858326435089111 0.52025431394577026 1.7626672983169556 0 1/00076.png

79 0.30439028143882751 0.82518470287322998 0.41431370377540588 -0.23401057720184326 -0.43732362985610962 0.5080101490020752 1.7523647546768188 0 1/00074.png

80 0.29866787791252136 0.83689194917678833 0.42659160494804382 -0.16860896348953247 -0.47850993275642395 0.42833122611045837 1.7780089378356934 0 1/00084.png

81 0.3079909086227417 0.83220767974853516 0.41248622536659241 -0.20597843825817108 -0.43379354476928711 0.52049046754837036 1.7788076400756836 0 1/00080.png

82 0.30770552158355713 0.8325427770614624 0.41823893785476685 -0.19304417073726654 -0.45370912551879883 0.48758161067962646 1.7800219058990479 0 1/00081.png

83 0.30195528268814087 0.83452975749969482 0.42211300134658813 -0.18494279682636261 -0.4604705274105072 0.45325213670730591 1.7820749282836914 0 1/00082.png

84 0.29950609803199768 0.83581167459487915 0.42581763863563538 -0.1743391752243042 -0.47226691246032715 0.43138504028320312 1.7783107757568359 0 1/00083.png

85 0.30792415142059326 0.83921158313751221 0.41774415969848633 -0.16246995329856873 -0.50830990076065063 0.46884071826934814 1.7552406787872314 0 1/00086.png

86 0.31233972311019897 0.84286791086196899 0.41110152006149292 -0.15170080959796906 -0.53693318367004395 0.47937959432601929 1.7447597980499268 0 1/00087.png

87 0.32230645418167114 0.84931302070617676 0.39576953649520874 -0.13473108410835266 -0.59340214729309082 0.5114561915397644 1.6990542411804199 0 1/00088.png

88 0.3330671489238739 0.85198754072189331 0.38212102651596069 -0.13102272152900696 -0.61624962091445923 0.55281049013137817 1.6674062013626099 0 1/00089.png

89 0.29939907789230347 0.83956903219223022 0.42303240299224854 -0.16287305951118469 -0.49101078510284424 0.43489715456962585 1.7690334320068359 0 1/00085.png

90 0.34578984975814819 0.86649191379547119 0.34536981582641602 -0.10169041156768799 -0.6684260368347168 0.6107829213142395 1.5726988315582275 0 1/00092.png

91 0.34249940514564514 0.85752075910568237 0.36673757433891296 -0.11338374018669128 -0.67292940616607666 0.58439856767654419 1.6151241064071655 0 1/00090.png

92 0.30272448062896729 0.90843868255615234 0.26638114452362061 -0.11017335206270218 -0.46576538681983948 0.59564346075057983 1.4778010845184326 0 1/00100.png

93 0.31476128101348877 0.89702975749969482 0.29567751288414001 -0.094009362161159515 -0.58547782897949219 0.57691681385040283 1.5149307250976562 0 1/00097.png

94 0.32482987642288208 0.89212578535079956 0.30112302303314209 -0.089005596935749054 -0.61318010091781616 0.59049642086029053 1.5057017803192139 0 1/00096.png

95 0.338966965675354 0.86978036165237427 0.34195035696029663 -0.1079513281583786 -0.6397784948348999 0.60542303323745728 1.5759692192077637 0 1/00093.png

96 0.32948929071426392 0.88300079107284546 0.32125550508499146 -0.09241948276758194 -0.63045883178710938 0.57758021354675293 1.5386625528335571 0 1/00095.png

97 0.34208184480667114 0.87433969974517822 0.32923352718353271 -0.10057465732097626 -0.63217204809188843 0.61730444431304932 1.5424246788024902 0 1/00094.png

98 0.35349148511886597 0.85744339227676392 0.35819688439369202 -0.1073761060833931 -0.69177401065826416 0.61650925874710083 1.5827245712280273 0 1/00091.png

99 0.3026576042175293 0.90504789352416992 0.27616515755653381 -0.11410263180732727 -0.47766053676605225 0.59945613145828247 1.5131956338882446 0 1/00099.png

100 0.31246304512023926 0.89985418319702148 0.28540706634521484 -0.10569780319929123 -0.51439094543457031 0.60283124446868896 1.5033904314041138 0 1/00098.png

101 0.31028461456298828 0.90842735767364502 0.25849172472953796 -0.10800567269325256 -0.46617043018341064 0.61573159694671631 1.4557764530181885 0 1/00101.png

102 0.29418963193893433 0.92617130279541016 0.22196386754512787 -0.079945303499698639 -0.45936203002929688 0.56413507461547852 1.4136255979537964 0 1/00106.png

103 0.30142277479171753 0.91755503416061401 0.24291481077671051 -0.090715743601322174 -0.46618178486824036 0.58375656604766846 1.4284671545028687 0 1/00104.png

104 0.30707985162734985 0.91276830434799194 0.24858078360557556 -0.10374746471643448 -0.46253669261932373 0.60866016149520874 1.4493852853775024 0 1/00102.png

105 0.2999369204044342 0.91636019945144653 0.246844083070755 -0.09690113365650177 -0.46471184492111206 0.58577829599380493 1.4419542551040649 0 1/00103.png

106 0.31270760297775269 0.93383109569549561 0.16786906123161316 -0.044647533446550369 -0.46789491176605225 0.63921993970870972 1.3810340166091919 0 1/00110.png

107 0.29561826586723328 0.93100053071975708 0.20361076295375824 -0.066261164844036102 -0.46289357542991638 0.57816672325134277 1.4050549268722534 0 1/00107.png

108 0.2919069230556488 0.93312489986419678 0.199742391705513 -0.064585782587528229 -0.45911926031112671 0.57125794887542725 1.4104757308959961 0 1/00108.png

109 0.28953388333320618 0.9251025915145874 0.2306293249130249 -0.084649212658405304 -0.45748233795166016 0.55344176292419434 1.4290655851364136 0 1/00105.png

110 0.30972850322723389 0.93178033828735352 0.18011416494846344 -0.058416958898305893 -0.45586651563644409 0.62908995151519775 1.390924334526062 0 1/00109.png

111 0.32379838824272156 0.93408125638961792 0.14713680744171143 -0.031584933400154114 -0.47844073176383972 0.68025660514831543 1.3636647462844849 0 1/00111.png

112 0.32024180889129639 0.93683153390884399 0.13801592588424683 -0.027268137782812119 -0.47118020057678223 0.68858075141906738 1.3760619163513184 0 1/00112.png

113 0.32783675193786621 0.93488401174545288 0.13386709988117218 -0.024385988712310791 -0.45033997297286987 0.7050287127494812 1.3821718692779541 0 1/00113.png

114 0.3336050808429718 0.93502092361450195 0.11889845132827759 -0.017513418570160866 -0.4323807954788208 0.74309265613555908 1.3893187046051025 0 1/00115.png

115 0.33396357297897339 0.93415415287017822 0.12364448606967926 -0.023160776123404503 -0.43610075116157532 0.73157095909118652 1.3807955980300903 0 1/00114.png

116 0.3386208713054657 0.93454742431640625 0.10631369054317474 -0.025581939145922661 -0.39413678646087646 0.77499812841415405 1.4072262048721313 0 1/00117.png

117 0.33437252044677734 0.93647080659866333 0.10426695644855499 -0.018597932532429695 -0.36401429772377014 0.77132600545883179 1.4370801448822021 0 1/00120.png

118 0.33189558982849121 0.93757212162017822 0.10253268480300903 -0.017052814364433289 -0.37397846579551697 0.76319515705108643 1.4331552982330322 0 1/00119.png

119 0.33871874213218689 0.93540972471237183 0.10051202028989792 -0.013248329050838947 -0.35697317123413086 0.7901073694229126 1.4322745800018311 0 1/00121.png

120 0.33535891771316528 0.93456703424453735 0.11723947525024414 -0.019333746284246445 -0.42141270637512207 0.75284886360168457 1.4015227556228638 0 1/00116.png

121 0.38366386294364929 0.91960984468460083 0.084033355116844177 0.0076259705238044262 -0.35778316855430603 0.95439779758453369 1.3694545030593872 0 1/00126.png

122 0.35666552186012268 0.92970907688140869 0.091619439423084259 -0.0060537122189998627 -0.35646134614944458 0.86100727319717407 1.4158360958099365 0 1/00123.png

123 0.36783868074417114 0.92566096782684326 0.088460147380828857 0.004609585739672184 -0.36968904733657837 0.91167998313903809 1.395750880241394 0 1/00125.png

124 0.3390604555606842 0.93477416038513184 0.10311022400856018 -0.024569356814026833 -0.38038057088851929 0.78136396408081055 1.4194995164871216 0 1/00118.png

125 0.41664466261863708 0.90656810998916626 0.066082604229450226 0.013211505487561226 -0.30031982064247131 1.0635342597961426 1.303065299987793 0 1/00129.png

126 0.34675183892250061 0.93253129720687866 0.10039478540420532 -0.0083403550088405609 -0.3600693941116333 0.82394486665725708 1.4240742921829224 0 1/00122.png

127 0.3581777811050415 0.92878460884094238 0.095224462449550629 -0.00024870573543012142 -0.37167620658874512 0.86941146850585938 1.4172849655151367 0 1/00124.png

128 0.40852406620979309 0.91017305850982666 0.067694015800952911 0.010520253330469131 -0.30472791194915771 1.0437252521514893 1.3175722360610962 0 1/00128.png

129 0.41780474781990051 0.90654546022415161 0.056464020162820816 0.020645208656787872 -0.26873981952667236 1.0750522613525391 1.2789120674133301 0 1/00132.png

130 0.41252213716506958 0.90883433818817139 0.058527000248432159 0.020500211045145988 -0.28365433216094971 1.0666868686676025 1.3012577295303345 0 1/00131.png

131 0.41357710957527161 0.90836364030838013 0.059915773570537567 0.015476526692509651 -0.28791946172714233 1.0666487216949463 1.3108551502227783 0 1/00130.png

132 0.40874236822128296 0.91092592477798462 0.053518615663051605 0.016711896285414696 -0.13015261292457581 1.0880310535430908 1.2720884084701538 0 1/00137.png

133 0.40408268570899963 0.91274940967559814 0.052347574383020401 0.029419390484690666 -0.2035863995552063 1.0607113838195801 1.2838295698165894 0 1/00135.png

134 0.39192065596580505 0.91696846485137939 0.074465334415435791 0.0046922578476369381 -0.31524956226348877 1.0054348707199097 1.3628383874893188 0 1/00127.png

135 0.41169643402099609 0.90942114591598511 0.052408821880817413 0.026694709435105324 -0.16773140430450439 1.0846400260925293 1.2695000171661377 0 1/00136.png

136 0.41557303071022034 0.90775012969970703 0.051320470869541168 0.025590457022190094 -0.24460892379283905 1.0728393793106079 1.2845500707626343 0 1/00133.png

137 0.41683265566825867 0.90716582536697388 0.056441325694322586 0.010731648653745651 -0.10502627491950989 1.113541841506958 1.2285488843917847 0 1/00138.png

138 0.40147793292999268 0.9137994647026062 0.05492464080452919 0.027735104784369469 -0.22703246772289276 1.0510497093200684 1.3231340646743774 0 1/00134.png

139 0.43491595983505249 0.89949202537536621 0.039609264582395554 -0.013905283994972706 -0.01717039942741394 1.1672873497009277 1.1763434410095215 0 1/00140.png

140 0.42926976084709167 0.90169626474380493 0.051579322665929794 -0.0032953140325844288 -0.06013953685760498 1.1468007564544678 1.2065399885177612 0 1/00139.png

141 0.50258558988571167 0.86410313844680786 0.026997063308954239 -0.0021437655668705702 -0.039527416229248047 1.3045611381530762 0.89670377969741821 0 1/00146.png

142 0.46903339028358459 0.88259541988372803 0.029670504853129387 -0.012358051724731922 -0.015748441219329834 1.2578343152999878 1.0612415075302124 0 1/00142.png

143 0.44636854529380798 0.89421159029006958 0.031920820474624634 -0.011038193479180336 -0.0082517564296722412 1.2003715038299561 1.1319441795349121 0 1/00141.png

144 0.49426215887069702 0.86914974451065063 0.016401549801230431 -0.0038314505945891142 -0.020951777696609497 1.292917013168335 0.94695627689361572 0 1/00144.png

145 0.48824545741081238 0.87231028079986572 0.024285517632961273 -0.010063877329230309 -0.018807470798492432 1.2833991050720215 0.99057656526565552 0 1/00143.png

146 0.49505078792572021 0.86791473627090454 0.037672162055969238 -0.015148080885410309 -0.031978458166122437 1.2635070085525513 0.90473514795303345 0 1/00147.png

147 0.48485389351844788 0.86949783563613892 0.075272828340530396 -0.056782428175210953 0.035285294055938721 1.2404654026031494 0.89391034841537476 0 1/00150.png

148 0.4861525297164917 0.86598062515258789 0.08140699565410614 -0.084297627210617065 0.1046912670135498 1.2300817966461182 0.77535057067871094 0 1/00157.png

149 0.47959545254707336 0.87039333581924438 0.092225387692451477 -0.062434375286102295 0.038795024156570435 1.228020191192627 0.88711261749267578 0 1/00151.png

150 0.47143751382827759 0.87507987022399902 0.082568541169166565 -0.071863509714603424 0.076398134231567383 1.2014262676239014 0.85170108079910278 0 1/00155.png

151 0.48155391216278076 0.86622917652130127 0.1091553121805191 -0.076406344771385193 0.04178011417388916 1.22186279296875 0.85163646936416626 0 1/00153.png

152 0.50065290927886963 0.86511421203613281 0.029710922390222549 -0.0064289355650544167 -0.043824672698974609 1.308746337890625 0.93555796146392822 0 1/00145.png

153 0.47341474890708923 0.87174016237258911 0.097965583205223083 -0.079688914120197296 0.060672342777252197 1.2096731662750244 0.89373958110809326 0 1/00152.png

154 0.4790293276309967 0.86946827173233032 0.094533659517765045 -0.074961729347705841 0.061544895172119141 1.2144007682800293 0.84812009334564209 0 1/00154.png

155 0.48626425862312317 0.87034571170806885 0.065767653286457062 -0.041472330689430237 0.0046545565128326416 1.2348265647888184 0.89370805025100708 0 1/00149.png

156 0.48710149526596069 0.87142622470855713 0.049646753817796707 -0.029724955558776855 -0.0072476863861083984 1.2410383224487305 0.90603172779083252 0 1/00148.png

157 0.47324657440185547 0.87378168106079102 0.085294879972934723 -0.072580613195896149 0.072511851787567139 1.2126915454864502 0.82426989078521729 0 1/00156.png

158 0.49665474891662598 0.8486441969871521 0.073798976838588715 -0.16640560328960419 0.32937425374984741 1.2684807777404785 0.70189368724822998 0 1/00159.png

159 0.4906429648399353 0.84251606464385986 0.017279960215091705 -0.22167006134986877 0.57687878608703613 1.1830317974090576 0.59491813182830811 0 1/00164.png

160 0.49426501989364624 0.83749312162399292 0.083555355668067932 -0.2175452709197998 0.44456768035888672 1.2715020179748535 0.64080142974853516 0 1/00161.png

161 0.48858079314231873 0.83609998226165771 0.072162993252277374 -0.23878461122512817 0.51368796825408936 1.2522621154785156 0.62725484371185303 0 1/00162.png

162 0.4931323230266571 0.84565234184265137 -0.04012584313750267 -0.20020641386508942 0.59577065706253052 1.121239185333252 0.6544945240020752 0 1/00166.png

163 0.49217799305915833 0.84823364019393921 -0.14703965187072754 -0.1289956122636795 0.64022475481033325 1.0186476707458496 0.69931447505950928 0 1/00168.png

164 0.49694639444351196 0.84194856882095337 0.082815133035182953 -0.19315443933010101 0.3856804370880127 1.2781074047088623 0.66631168127059937 0 1/00160.png

165 0.48378127813339233 0.86627519130706787 0.074682384729385376 -0.099727123975753784 0.16685885190963745 1.2525147199630737 0.80211931467056274 0 1/00158.png

166 0.49098336696624756 0.85044735670089722 -0.097426228225231171 -0.16181111335754395 0.62650555372238159 1.0568796396255493 0.66800588369369507 0 1/00167.png

167 0.49501046538352966 0.84204870462417603 -0.0046039801090955734 -0.21423697471618652 0.58077740669250488 1.1698522567749023 0.61067658662796021 0 1/00165.png

168 0.48903930187225342 0.83617383241653442 0.061633449047803879 -0.24053090810775757 0.54320484399795532 1.2404749393463135 0.59325975179672241 0 1/00163.png

169 0.4834037721157074 0.82565104961395264 -0.2897300124168396 -0.026031572371721268 0.73100513219833374 0.82271063327789307 0.8672102689743042 0 1/00171.png

170 0.48361620306968689 0.83939445018768311 -0.2444634884595871 -0.042070776224136353 0.69865673780441284 0.90202325582504272 0.84551858901977539 0 1/00169.png

171 0.48285964131355286 0.83362108469009399 -0.2665468156337738 -0.02958393283188343 0.70255988836288452 0.86800605058670044 0.85836386680603027 0 1/00170.png

172 0.47205871343612671 0.82426685094833374 -0.31256976723670959 -0.0066994465887546539 0.73636895418167114 0.77509075403213501 0.9130089282989502 0 1/00174.png

173 0.47984382510185242 0.82587963342666626 -0.29485005140304565 -0.027133375406265259 0.73836272954940796 0.80080312490463257 0.86887341737747192 0 1/00172.png

174 0.45629772543907166 0.83199292421340942 -0.31522262096405029 0.014658622443675995 0.84169799089431763 0.75423896312713623 0.98369705677032471 0 1/00180.png

175 0.48198884725570679 0.82217025756835938 -0.302705317735672 -0.0096059059724211693 0.73890715837478638 0.79491221904754639 0.88158494234085083 0 1/00173.png

176 0.46835824847221375 0.82618236541748047 -0.31308141350746155 0.0065748128108680248 0.72772794961929321 0.77574390172958374 0.93033945560455322 0 1/00175.png

177 0.46115243434906006 0.82985711097717285 -0.31360051035881042 0.018174486234784126 0.81516224145889282 0.76013714075088501 0.97337007522583008 0 1/00179.png

178 0.46887311339378357 0.82652390003204346 -0.31097233295440674 0.017674265429377556 0.7457624077796936 0.79135119915008545 0.94874095916748047 0 1/00176.png

179 0.47123172879219055 0.82420855760574341 -0.31357750296592712 0.017035437747836113 0.77058261632919312 0.78275895118713379 0.94723284244537354 0 1/00177.png

180 0.46901813149452209 0.82650738954544067 -0.31057563424110413 0.021223373711109161 0.78557330369949341 0.77672606706619263 0.95604360103607178 0 1/00178.png

181 0.45241823792457581 0.82778316736221313 -0.33175203204154968 0.0057770083658397198 0.96761924028396606 0.71167910099029541 0.98672813177108765 0 1/00184.png

182 0.44996577501296997 0.83017051219940186 -0.32898065447807312 0.010930323973298073 0.93326741456985474 0.72239983081817627 0.9978172779083252 0 1/00183.png

183 0.45407739281654358 0.82994312047958374 -0.32366147637367249 0.015851413831114769 0.88966268301010132 0.72801840305328369 0.98773026466369629 0 1/00181.png

184 0.44711163640022278 0.83248496055603027 -0.32681488990783691 0.015873568132519722 0.90903550386428833 0.72624742984771729 1.0049448013305664 0 1/00182.png

185 0.45048582553863525 0.80343961715698242 -0.38844501972198486 0.025647290050983429 1.0807030200958252 0.69253700971603394 0.98610866069793701 0 1/00192.png

186 0.44875720143318176 0.82205581665039062 -0.34947434067726135 -0.026624934747815132 1.10107421875 0.6518089771270752 0.96798157691955566 0 1/00187.png

187 0.45327502489089966 0.82082337141036987 -0.34700560569763184 -0.019437173381447792 1.0729889869689941 0.67094540596008301 0.97097146511077881 0 1/00186.png

188 0.45434921979904175 0.81115239858627319 -0.36822572350502014 0.0029137779492884874 1.1054794788360596 0.68627339601516724 0.96629714965820312 0 1/00190.png

189 0.45247262716293335 0.82464772462844849 -0.33939206600189209 -0.0061322874389588833 1.022064208984375 0.69254195690155029 0.97890585660934448 0 1/00185.png

190 0.45054545998573303 0.80872392654418945 -0.37784188985824585 0.014488136395812035 1.083789587020874 0.69226151704788208 0.9760582447052002 0 1/00191.png

191 0.44377869367599487 0.79695206880569458 -0.40763148665428162 0.042005095630884171 1.0467064380645752 0.68086075782775879 1.0215336084365845 0 1/00194.png

192 0.44904243946075439 0.82015502452850342 -0.35376837849617004 -0.023548314347863197 1.1147668361663818 0.65107500553131104 0.9634324312210083 0 1/00188.png

193 0.45628681778907776 0.81243133544921875 -0.36292800307273865 -0.006391413975507021 1.1142280101776123 0.67498290538787842 0.97099173069000244 0 1/00189.png

194 0.45210394263267517 0.79625457525253296 -0.40032222867012024 0.036369994282722473 1.0701735019683838 0.68961608409881592 0.99794948101043701 0 1/00193.png

195 0.44038718938827515 0.79214829206466675 -0.41985738277435303 0.047748420387506485 1.0362915992736816 0.6623075008392334 1.0374903678894043 0 1/00195.png

196 0.43713012337684631 0.79128265380859375 -0.423900306224823 0.055655419826507568 1.0205535888671875 0.66413819789886475 1.0481395721435547 0 1/00196.png

197 0.43497514724731445 0.78984087705612183 -0.4280913770198822 0.06071004644036293 1.0102300643920898 0.66616737842559814 1.0550378561019897 0 1/00197.png

198 0.43353566527366638 0.78840959072113037 -0.43019786477088928 0.073395535349845886 0.99632495641708374 0.6788933277130127 1.0686824321746826 0 1/00198.png

199 0.4352361261844635 0.78418219089508057 -0.43564873933792114 0.076406367123126984 0.99598270654678345 0.67909085750579834 1.0686303377151489 0 1/00199.png

200 0.42311906814575195 0.7874334454536438 -0.43782278895378113 0.096072718501091003 0.98831385374069214 0.69326382875442505 1.096929669380188 0 1/00203.png

201 0.41924872994422913 0.79115056991577148 -0.43397462368011475 0.09988664835691452 0.98359614610671997 0.69975483417510986 1.0974862575531006 0 1/00204.png

202 0.40974459052085876 0.79454785585403442 -0.43597134947776794 0.10359594225883484 0.97841507196426392 0.69979745149612427 1.1194007396697998 0 1/00205.png

203 0.42989960312843323 0.78802716732025146 -0.43293225765228271 0.082275107502937317 0.98661261796951294 0.68682336807250977 1.0807144641876221 0 1/00200.png

204 0.43053910136222839 0.78531026840209961 -0.43710565567016602 0.082839623093605042 0.99547773599624634 0.67617052793502808 1.0763367414474487 0 1/00201.png

205 0.40185841917991638 0.79443144798278809 -0.43533182144165039 0.13369634747505188 1.0216877460479736 0.78825390338897705 1.0873397588729858 0 1/00213.png

206 0.40360841155052185 0.79583579301834106 -0.43747958540916443 0.11116302758455276 0.96947401762008667 0.70383864641189575 1.1307179927825928 0 1/00206.png

207 0.40090835094451904 0.79087764024734497 -0.44422462582588196 0.12825532257556915 0.98741942644119263 0.72623574733734131 1.1196832656860352 0 1/00209.png

208 0.39682042598724365 0.80025297403335571 -0.4353916347026825 0.11208373308181763 0.96699589490890503 0.70583248138427734 1.140619158744812 0 1/00207.png

209 0.39655682444572449 0.79611217975616455 -0.43908923864364624 0.12707827985286713 1.010251522064209 0.75199520587921143 1.110137939453125 0 1/00211.png

210 0.4239252507686615 0.78878462314605713 -0.4364362359046936 0.087347336113452911 0.98765236139297485 0.68770474195480347 1.0925917625427246 0 1/00202.png

211 0.39775112271308899 0.79620981216430664 -0.43972200155258179 0.1203678771853447 0.97672098875045776 0.71886539459228516 1.1289659738540649 0 1/00208.png

212 0.39651566743850708 0.80417746305465698 -0.41607886552810669 0.15149988234043121 0.99291890859603882 0.86837059259414673 1.0592840909957886 0 1/00219.png

213 0.39529868960380554 0.79414266347885132 -0.44380003213882446 0.12695649266242981 1.0100679397583008 0.73700112104415894 1.1240876913070679 0 1/00210.png

214 0.41005897521972656 0.79465925693511963 -0.42410561442375183 0.14318771660327911 1.0243749618530273 0.84243708848953247 1.0487567186355591 0 1/00216.png

215 0.40781265497207642 0.79477280378341675 -0.42787238955497742 0.13765951991081238 1.0256645679473877 0.82147562503814697 1.0612666606903076 0 1/00215.png

216 0.3995259702205658 0.79491704702377319 -0.43662041425704956 0.13359849154949188 1.0135562419891357 0.7743343710899353 1.0966536998748779 0 1/00212.png

217 0.4039844274520874 0.79847276210784912 -0.42046603560447693 0.14982041716575623 1.0059540271759033 0.86365205049514771 1.0558756589889526 0 1/00218.png

218 0.4044526219367981 0.79150652885437012 -0.43720701336860657 0.13706010580062866 1.028637170791626 0.79562771320343018 1.0792385339736938 0 1/00214.png

219 0.399303138256073 0.80201280117034912 -0.4185560941696167 0.14880618453025818 0.99970537424087524 0.87017130851745605 1.0482044219970703 0 1/00220.png

220 0.40935254096984863 0.79811280965805054 -0.4178866446018219 0.14428175985813141 1.014484167098999 0.86427336931228638 1.0435798168182373 0 1/00217.png

221 0.39214035868644714 0.80387908220291138 -0.4198434054851532 0.15406493842601776 0.99032551050186157 0.86426621675491333 1.0607122182846069 0 1/00221.png

222 0.39403203129768372 0.80295521020889282 -0.42077916860580444 0.15148122608661652 0.99195820093154907 0.86796045303344727 1.0486801862716675 0 1/00222.png

223 0.39902937412261963 0.79977297782897949 -0.41948893666267395 0.15864323079586029 0.98877245187759399 0.88533514738082886 1.0371483564376831 0 1/00223.png

224 0.39821681380271912 0.80300027132034302 -0.41461387276649475 0.15719211101531982 0.97204703092575073 0.89832127094268799 1.0362811088562012 0 1/00224.png

225 0.39779531955718994 0.80149054527282715 -0.41400843858718872 0.16723884642124176 0.94647186994552612 0.91627693176269531 1.042022705078125 0 1/00225.png

226 0.40007659792900085 0.79977256059646606 -0.41308832168579102 0.17222265899181366 0.92507678270339966 0.91945755481719971 1.0372729301452637 0 1/00226.png

227 0.39718419313430786 0.79907834529876709 -0.41742649674415588 0.17167861759662628 0.91419833898544312 0.91498386859893799 1.0440908670425415 0 1/00227.png

228 0.38748747110366821 0.78210806846618652 -0.45709413290023804 0.17095419764518738 0.84513860940933228 0.78330391645431519 1.0750327110290527 0 1/00234.png

229 0.39638778567314148 0.79628503322601318 -0.424520343542099 0.16908368468284607 0.90106123685836792 0.88703799247741699 1.0458008050918579 0 1/00229.png

230 0.38780173659324646 0.78844994306564331 -0.44542604684829712 0.17190755903720856 0.84677153825759888 0.82446515560150146 1.0689711570739746 0 1/00233.png

231 0.35456180572509766 0.78124320507049561 -0.49612000584602356 0.13345372676849365 0.80427092313766479 0.59186387062072754 1.1461571455001831 0 1/00239.png

232 0.39870288968086243 0.78561341762542725 -0.4399263858795166 0.17410439252853394 0.86634010076522827 0.84388846158981323 1.043257474899292 0 1/00232.png

233 0.397176593542099 0.79374754428863525 -0.4275723397731781 0.17145673930644989 0.88884109258651733 0.87716877460479736 1.0412551164627075 0 1/00230.png

234 0.38420301675796509 0.78071480989456177 -0.46664416790008545 0.15847931802272797 0.84872323274612427 0.73888921737670898 1.0834898948669434 0 1/00235.png

235 0.3893793523311615 0.79445129632949829 -0.43437108397483826 0.16897507011890411 0.87694412469863892 0.85620272159576416 1.0619308948516846 0 1/00231.png

236 0.35220706462860107 0.77842289209365845 -0.50507193803787231 0.12210769206285477 0.81679385900497437 0.54848563671112061 1.1484607458114624 0 1/00240.png

237 0.38150742650032043 0.77980315685272217 -0.46898049116134644 0.16253159940242767 0.8175240159034729 0.72671490907669067 1.079586386680603 0 1/00236.png

238 0.40047088265419006 0.79746288061141968 -0.4192253053188324 0.16711124777793884 0.90997201204299927 0.90037822723388672 1.0390666723251343 0 1/00228.png

239 0.36647376418113708 0.77773946523666382 -0.48974394798278809 0.14480705559253693 0.80060285329818726 0.63508850336074829 1.1253684759140015 0 1/00238.png

240 0.3698677122592926 0.779396653175354 -0.4802868664264679 0.15831375122070312 0.79625231027603149 0.68488740921020508 1.1186175346374512 0 1/00237.png

241 0.31176456809043884 0.79572457075119019 -0.51021802425384521 0.096451260149478912 0.76917487382888794 0.40108448266983032 1.2026124000549316 0 1/00246.png

242 0.30557388067245483 0.80222004652023315 -0.50340145826339722 0.098257914185523987 0.75250774621963501 0.39869669079780579 1.2002229690551758 0 1/00247.png

243 0.35045182704925537 0.77345734834671021 -0.51675164699554443 0.10915637016296387 0.81775599718093872 0.48205971717834473 1.1406717300415039 0 1/00242.png

244 0.25955286622047424 0.82899332046508789 -0.48853385448455811 0.082078948616981506 0.73104637861251831 0.31236949563026428 1.251361608505249 0 1/00250.png

245 0.35369822382926941 0.77382993698120117 -0.51340359449386597 0.11181028932332993 0.82216125726699829 0.50498390197753906 1.1344397068023682 0 1/00241.png

246 0.33748751878738403 0.77925175428390503 -0.51835721731185913 0.1008695587515831 0.7966199517250061 0.43991923332214355 1.1636333465576172 0 1/00244.png

247 0.32863277196884155 0.78482401371002197 -0.51600229740142822 0.098961606621742249 0.7862507700920105 0.42366734147071838 1.1791616678237915 0 1/00245.png

248 0.24553442001342773 0.83705830574035645 -0.48341435194015503 0.07319071888923645 0.73386961221694946 0.27848398685455322 1.2587071657180786 0 1/00251.png

249 0.3482566773891449 0.77440458536148071 -0.51731222867965698 0.106784388422966 0.80684858560562134 0.46888774633407593 1.1307647228240967 0 1/00243.png

250 0.2263193279504776 0.84407365322113037 -0.48130753636360168 0.068281814455986023 0.73298865556716919 0.23684287071228027 1.2849593162536621 0 1/00252.png

251 0.2894006073474884 0.81079608201980591 -0.49959734082221985 0.096226520836353302 0.73880153894424438 0.37545257806777954 1.2290003299713135 0 1/00248.png

252 0.27646276354789734 0.81753420829772949 -0.49723568558692932 0.089234799146652222 0.73694604635238647 0.34341773390769958 1.2394527196884155 0 1/00249.png

253 0.22134265303611755 0.851021409034729 -0.47256138920783997 0.058784730732440948 0.74308532476425171 0.21787887811660767 1.2792336940765381 0 1/00253.png

254 0.21076714992523193 0.85825264453887939 -0.46443375945091248 0.057280022650957108 0.74417203664779663 0.20309203863143921 1.2900742292404175 0 1/00254.png

255 0.21327090263366699 0.86294424533843994 -0.45483195781707764 0.054503638297319412 0.74700933694839478 0.20586669445037842 1.2851499319076538 0 1/00255.png

256 0.21040266752243042 0.90509593486785889 -0.36705935001373291 0.042419552803039551 0.7329590916633606 0.24296480417251587 1.3024458885192871 0 1/00263.png

257 0.21828393638134003 0.8718981146812439 -0.4343743622303009 0.058861430734395981 0.73790854215621948 0.22959217429161072 1.2857276201248169 0 1/00257.png

258 0.21417446434497833 0.86999475955963135 -0.44079020619392395 0.054242588579654694 0.74211138486862183 0.2166064977645874 1.2843576669692993 0 1/00256.png

259 0.2225431501865387 0.87736022472381592 -0.42077842354774475 0.060490477830171585 0.73553222417831421 0.24888050556182861 1.2857489585876465 0 1/00258.png

260 0.22010435163974762 0.9026145339012146 -0.3674970269203186 0.042272165417671204 0.72724050283432007 0.243592768907547 1.2960919141769409 0 1/00264.png

261 0.21549312770366669 0.90097403526306152 -0.37464964389801025 0.038027122616767883 0.74999850988388062 0.24868199229240417 1.2961616516113281 0 1/00262.png

262 0.22412198781967163 0.89231258630752563 -0.38801470398902893 0.054701719433069229 0.74369770288467407 0.26378092169761658 1.2884708642959595 0 1/00261.png

263 0.21780639886856079 0.9059022068977356 -0.36120080947875977 0.037887018173933029 0.7155640721321106 0.24015465378761292 1.3016526699066162 0 1/00265.png

264 0.23599833250045776 0.90689277648925781 -0.34737646579742432 0.03435053676366806 0.70738619565963745 0.26771381497383118 1.283974289894104 0 1/00267.png

265 0.21846076846122742 0.88615918159484863 -0.40529608726501465 0.052267920225858688 0.74221271276473999 0.2517775297164917 1.2905117273330688 0 1/00259.png

266 0.21988523006439209 0.88944399356842041 -0.396727055311203 0.056102443486452103 0.74281209707260132 0.25899025797843933 1.2924546003341675 0 1/00260.png

267 0.24495634436607361 0.91043871641159058 -0.33168682456016541 0.032885901629924774 0.70538407564163208 0.30241432785987854 1.2933690547943115 0 1/00269.png

268 0.22523161768913269 0.90669769048690796 -0.35519552230834961 0.03171829879283905 0.71506386995315552 0.24540933966636658 1.2928938865661621 0 1/00266.png

269 0.24232023954391479 0.90823626518249512 -0.33945691585540771 0.034011151641607285 0.70471376180648804 0.28924041986465454 1.2871444225311279 0 1/00268.png

270 0.26457637548446655 0.91928309202194214 -0.29035097360610962 0.024786349385976791 0.67141264677047729 0.36979317665100098 1.2908948659896851 0 1/00273.png

271 0.25313940644264221 0.91348952054977417 -0.31735557317733765 0.027254309505224228 0.70063143968582153 0.31996241211891174 1.2809160947799683 0 1/00270.png

272 0.27902737259864807 0.92309075593948364 -0.26358175277709961 0.023913754150271416 0.61889010667800903 0.41703009605407715 1.2828253507614136 0 1/00277.png

273 0.25607350468635559 0.91713261604309082 -0.30435284972190857 0.025757687166333199 0.68858522176742554 0.343272864818573 1.283758282661438 0 1/00271.png

274 0.2767539918422699 0.92088443040847778 -0.27343505620956421 0.024747783318161964 0.63362568616867065 0.40847718715667725 1.289756178855896 0 1/00276.png

275 0.26666697859764099 0.91688573360443115 -0.29557284712791443 0.029085025191307068 0.67860382795333862 0.37051194906234741 1.2801895141601562 0 1/00272.png

276 0.29221931099891663 0.92158252000808716 -0.2545304000377655 0.022535528987646103 0.61076265573501587 0.447212815284729 1.2723838090896606 0 1/00279.png

277 0.2782103419303894 0.91907495260238647 -0.2775370180606842 0.029552049934864044 0.64040964841842651 0.40525394678115845 1.2786189317703247 0 1/00275.png

278 0.28979271650314331 0.92187696695327759 -0.25667998194694519 0.016684543341398239 0.59671622514724731 0.44244569540023804 1.2801492214202881 0 1/00281.png

279 0.26615136861801147 0.92113006114959717 -0.28295868635177612 0.024844657629728317 0.65561097860336304 0.37750813364982605 1.2878308296203613 0 1/00274.png

280 0.2885974645614624 0.92097783088684082 -0.26114979386329651 0.017668658867478371 0.62391847372055054 0.43349051475524902 1.2701959609985352 0 1/00278.png

281 0.29262039065361023 0.92371588945388794 -0.24676109850406647 0.015205737203359604 0.56571662425994873 0.45100444555282593 1.2719467878341675 0 1/00282.png

282 0.28988620638847351 0.92229622602462769 -0.25514522194862366 0.015380633063614368 0.60996949672698975 0.44134742021560669 1.2770746946334839 0 1/00280.png

283 0.30948445200920105 0.91987013816833496 -0.24062284827232361 0.01261098962277174 0.49658346176147461 0.49181514978408813 1.2520266771316528 0 1/00286.png

284 0.29438948631286621 0.92350566387176514 -0.24522987008094788 0.018285548314452171 0.53643578290939331 0.46303212642669678 1.2724208831787109 0 1/00283.png

285 0.32948073744773865 0.9168093204498291 -0.22533208131790161 0.011335733346641064 0.42101782560348511 0.58308237791061401 1.2455908060073853 0 1/00290.png

286 0.30207756161689758 0.92025405168533325 -0.24821415543556213 0.016475299373269081 0.52506786584854126 0.47271621227264404 1.2659313678741455 0 1/00284.png

287 0.31989392638206482 0.91997915506362915 -0.22610972821712494 0.013444533571600914 0.43702226877212524 0.55015188455581665 1.2587465047836304 0 1/00289.png

288 0.31911462545394897 0.91791898012161255 -0.23549902439117432 0.011437809094786644 0.4680207371711731 0.53302901983261108 1.26096510887146 0 1/00288.png

289 0.297242671251297 0.92441248893737793 -0.23863023519515991 0.012805437669157982 0.505928635597229 0.47370538115501404 1.277995228767395 0 1/00285.png

290 0.33086398243904114 0.92188233137130737 -0.20113104581832886 0.014427170157432556 0.35933423042297363 0.63563758134841919 1.2741657495498657 0 1/00292.png

291 0.31731924414634705 0.91825467348098755 -0.2364351898431778 0.01467306911945343 0.47673362493515015 0.52343052625656128 1.252647876739502 0 1/00287.png

292 0.33191147446632385 0.91896581649780273 -0.2124783992767334 0.013767844997346401 0.38963186740875244 0.61499351263046265 1.2626641988754272 0 1/00291.png

293 0.33327463269233704 0.92439836263656616 -0.1850491464138031 0.013132785446941853 0.32306212186813354 0.6677812933921814 1.2789266109466553 0 1/00293.png

294 0.33936604857444763 0.92398488521575928 -0.17598800361156464 0.010521665215492249 0.29998749494552612 0.69608151912689209 1.2790780067443848 0 1/00294.png

295 0.33961194753646851 0.9249885082244873 -0.17043991386890411 0.0031910324469208717 0.28710782527923584 0.71256887912750244 1.2728724479675293 0 1/00295.png

296 0.34508287906646729 0.92464262247085571 -0.16070641577243805 0.011282337829470634 0.26026976108551025 0.75984883308410645 1.2814737558364868 0 1/00297.png

297 0.35849863290786743 0.92417353391647339 -0.12990216910839081 0.022527813911437988 0.19304740428924561 0.8533395528793335 1.3641800880432129 0 1/00301.png

298 0.34476295113563538 0.92367261648178101 -0.16716189682483673 0.004925393033772707 0.28219777345657349 0.73206686973571777 1.2830793857574463 0 1/00296.png

299 0.34905922412872314 0.92595851421356201 -0.14312435686588287 0.01655147410929203 0.22209048271179199 0.80016589164733887 1.3214390277862549 0 1/00299.png

300 0.3390006422996521 0.92896932363510132 -0.14843325316905975 0.0078747672960162163 0.2485317587852478 0.77240991592407227 1.3416266441345215 0 1/00298.png

301 0.35382908582687378 0.92469894886016846 -0.13905780017375946 0.019995007663965225 0.20786148309707642 0.82865417003631592 1.3482875823974609 0 1/00300.png

302 0.37972846627235413 0.91800147294998169 -0.11313780397176743 0.016718897968530655 0.21443885564804077 0.95033484697341919 1.3745238780975342 0 1/00304.png

303 0.39072114229202271 0.91567105054855347 -0.094063140451908112 -0.0059678046964108944 0.28226709365844727 0.97851824760437012 1.3673249483108521 0 1/00306.png

304 0.36506742238998413 0.92174988985061646 -0.12894707918167114 0.021808851510286331 0.19718015193939209 0.87648093700408936 1.3604590892791748 0 1/00302.png

305 0.38087442517280579 0.91634637117385864 -0.12172532081604004 0.020661065354943275 0.20406544208526611 0.92198622226715088 1.3327001333236694 0 1/00303.png

306 0.38805440068244934 0.91497617959976196 -0.11058951914310455 0.0015369788743555546 0.26787674427032471 0.9676176905632019 1.3754512071609497 0 1/00305.png

307 0.39728713035583496 0.91430157423019409 -0.076984748244285583 -0.016998196020722389 0.31139075756072998 1.0127215385437012 1.3827141523361206 0 1/00308.png

308 0.40184444189071655 0.913166344165802 -0.067116193473339081 -0.011986983940005302 0.29663348197937012 1.0388469696044922 1.3915444612503052 0 1/00309.png

309 0.39266610145568848 0.91587269306182861 -0.083139657974243164 -0.008856981061398983 0.29712909460067749 0.99204206466674805 1.3829383850097656 0 1/00307.png

310 0.40240594744682312 0.91370338201522827 -0.055036582052707672 -0.013654762879014015 0.26740801334381104 1.0562443733215332 1.4043775796890259 0 1/00310.png

311 0.42396807670593262 0.90567100048065186 -0.0020132178906351328 -0.0026633096858859062 0.045650333166122437 1.1893978118896484 1.4147484302520752 0 1/00316.png

312 0.41174766421318054 0.91042399406433105 -0.037331566214561462 -0.014080667868256569 0.22419434785842896 1.0922436714172363 1.4023283720016479 0 1/00312.png

313 0.4109920859336853 0.91138780117034912 -0.016676045954227448 -0.013401851058006287 0.16531598567962646 1.1109986305236816 1.4294403791427612 0 1/00314.png

314 0.41378912329673767 0.91033303737640381 -0.0076134325936436653 -0.003787132678553462 0.11212316155433655 1.140135645866394 1.4363998174667358 0 1/00315.png

315 0.40621852874755859 0.91220682859420776 -0.052284054458141327 -0.011468948796391487 0.25809288024902344 1.0752933025360107 1.4039613008499146 0 1/00311.png

316 0.40973812341690063 0.91166394948959351 -0.027840094640851021 -0.01443937886506319 0.19536131620407104 1.1063957214355469 1.4231343269348145 0 1/00313.png

317 0.45184648036956787 0.89150285720825195 0.017865344882011414 0.027170788496732712 -0.10615894198417664 1.2833285331726074 1.3480035066604614 0 1/00318.png

318 0.4713493287563324 0.8802914023399353 0.030459338799118996 0.044599879533052444 -0.16507448256015778 1.3404057025909424 1.2956815958023071 0 1/00319.png

319 0.43126183748245239 0.90213561058044434 0.0023536155931651592 0.012610477395355701 -0.019164204597473145 1.2302286624908447 1.4049075841903687 0 1/00317.png

320 0.50060057640075684 0.85869282484054565 0.10324098914861679 0.037241827696561813 -0.23042523860931396 1.4341888427734375 1.2451785802841187 0 1/00323.png

321 0.49682024121284485 0.86260002851486206 0.082349687814712524 0.048056729137897491 -0.23542864620685577 1.4217875003814697 1.2299864292144775 0 1/00322.png

322 0.47753700613975525 0.87584686279296875 0.0449063740670681 0.053236141800880432 -0.20327596366405487 1.374931812286377 1.287663459777832 0 1/00320.png

323 0.50092428922653198 0.84275329113006592 0.19190548360347748 0.044877912849187851 -0.3883327841758728 1.4025247097015381 1.2095931768417358 0 1/00327.png

324 0.48920926451683044 0.86805605888366699 0.067017994821071625 0.051589116454124451 -0.23912720382213593 1.3934352397918701 1.2599774599075317 0 1/00321.png

325 0.49708345532417297 0.8496701717376709 0.17195071280002594 0.037438496947288513 -0.32613921165466309 1.40411376953125 1.2293658256530762 0 1/00326.png

326 0.49153417348861694 0.85586100816726685 0.15651001036167145 0.03742622584104538 -0.29027396440505981 1.4050582647323608 1.2593843936920166 0 1/00325.png

327 0.49526432156562805 0.85769116878509521 0.13364854454994202 0.034886214882135391 -0.25765642523765564 1.4167767763137817 1.2639942169189453 0 1/00324.png

328 0.50905781984329224 0.82817643880844116 0.22838623821735382 0.053137756884098053 -0.48094815015792847 1.3732881546020508 1.1425031423568726 0 1/00329.png

329 0.50752288103103638 0.83405101299285889 0.20996370911598206 0.051910474896430969 -0.44865834712982178 1.3806216716766357 1.1557035446166992 0 1/00328.png

330 0.49503451585769653 0.82996010780334473 0.25109755992889404 0.055291358381509781 -0.49928277730941772 1.3355369567871094 1.2150261402130127 0 1/00330.png

331 0.4788806140422821 0.83460903167724609 0.26741054654121399 0.050917040556669235 -0.49910834431648254 1.2572307586669922 1.2422810792922974 0 1/00331.png

332 0.44521403312683105 0.84361898899078369 0.29579532146453857 0.050957180559635162 -0.49548017978668213 1.1349231004714966 1.2994066476821899 0 1/00333.png

333 0.43131265044212341 0.84703052043914795 0.30664628744125366 0.049766704440116882 -0.49477487802505493 1.0816432237625122 1.3273899555206299 0 1/00334.png

334 0.45993047952651978 0.84042054414749146 0.28220406174659729 0.050182223320007324 -0.49546393752098083 1.1899120807647705 1.2754365205764771 0 1/00332.png

335 0.42109924554824829 0.85319977998733521 0.30380222201347351 0.049293912947177887 -0.47367537021636963 1.0424789190292358 1.3170840740203857 0 1/00335.png

336 0.41652011871337891 0.85794204473495483 0.29930880665779114 0.029337033629417419 -0.42971020936965942 1.0313068628311157 1.336778998374939 0 1/00336.png

337 0.40622913837432861 0.86400890350341797 0.2969190776348114 0.01747933030128479 -0.38301718235015869 1.0105644464492798 1.3699333667755127 0 1/00337.png

338 0.39715012907981873 0.86946237087249756 0.29107415676116943 -0.039784245193004608 -0.27943521738052368 1.0159928798675537 1.3546165227890015 0 1/00339.png

339 0.40071257948875427 0.86831009387969971 0.29234150052070618 -0.0018687843112275004 -0.32776156067848206 1.0075688362121582 1.3729519844055176 0 1/00338.png

340 0.39078521728515625 0.87088316679000854 0.29090180993080139 -0.065003961324691772 -0.23771414160728455 1.026686429977417 1.3877432346343994 0 1/00340.png

341 0.39332076907157898 0.86548185348510742 0.25797015428543091 -0.17231176793575287 -0.072171211242675781 1.0456365346908569 1.4059054851531982 0 1/00347.png

342 0.38113465905189514 0.87648344039916992 0.27286657691001892 -0.10980455577373505 -0.14505986869335175 1.0281188488006592 1.4202395677566528 0 1/00342.png

343 0.39296808838844299 0.87121427059173584 0.27991804480552673 -0.090595774352550507 -0.18853835761547089 1.0378093719482422 1.384188175201416 0 1/00341.png

344 0.38970455527305603 0.86906421184539795 0.26659661531448364 -0.14759387075901031 -0.11065337061882019 1.0377466678619385 1.4024603366851807 0 1/00345.png

345 0.38394588232040405 0.87327718734741211 0.27469336986541748 -0.12048214673995972 -0.13722574710845947 1.0186004638671875 1.4020675420761108 0 1/00343.png

346 0.38599890470504761 0.87085402011871338 0.27478015422821045 -0.13081997632980347 -0.12672898173332214 1.0284167528152466 1.4059579372406006 0 1/00344.png

347 0.39175674319267273 0.86700904369354248 0.2652871310710907 -0.15634787082672119 -0.10335367918014526 1.03810715675354 1.4071024656295776 0 1/00346.png

348 0.43287649750709534 0.84052926301956177 0.22655576467514038 -0.23409618437290192 -0.094595581293106079 1.0860408544540405 1.3638274669647217 0 1/00354.png

349 0.44306772947311401 0.83699303865432739 0.22135581076145172 -0.23266966640949249 -0.13706414401531219 1.0901126861572266 1.3370013236999512 0 1/00355.png

350 0.43050843477249146 0.84181302785873413 0.22476732730865479 -0.23556959629058838 -0.056108385324478149 1.1011809110641479 1.3548285961151123 0 1/00353.png

351 0.40121933817863464 0.86014580726623535 0.25252944231033325 -0.18815162777900696 -0.060870349407196045 1.0543385744094849 1.3899005651473999 0 1/00348.png

352 0.40878680348396301 0.85615742206573486 0.23610682785511017 -0.21009847521781921 -0.038834065198898315 1.073838472366333 1.3844492435455322 0 1/00350.png

353 0.40471750497817993 0.85905498266220093 0.24567990005016327 -0.19460134208202362 -0.055922955274581909 1.0642044544219971 1.3917450904846191 0 1/00349.png

354 0.41231343150138855 0.85324877500534058 0.23402905464172363 -0.21724316477775574 -0.044305860996246338 1.0747694969177246 1.3845701217651367 0 1/00351.png

355 0.46248123049736023 0.82969218492507935 0.214333176612854 -0.2275596410036087 -0.21659709513187408 1.097111701965332 1.3043649196624756 0 1/00357.png

356 0.45660564303398132 0.83347392082214355 0.21206073462963104 -0.2277337908744812 -0.1773977130651474 1.1033308506011963 1.3090837001800537 0 1/00356.png

357 0.45825162529945374 0.82904517650604248 0.22017060220241547 -0.23283989727497101 -0.26334196329116821 1.0287233591079712 1.3410921096801758 0 1/00360.png

358 0.44769805669784546 0.83403301239013672 0.21972624957561493 -0.23595735430717468 -0.25248372554779053 0.97140461206436157 1.3922996520996094 0 1/00362.png

359 0.45862963795661926 0.83150845766067505 0.21819908916950226 -0.22503706812858582 -0.25616466999053955 1.0586262941360474 1.3451660871505737 0 1/00359.png

360 0.42253395915031433 0.84638029336929321 0.23086415231227875 -0.22761194407939911 -0.050769269466400146 1.0890569686889648 1.3612155914306641 0 1/00352.png

361 0.46692273020744324 0.82682299613952637 0.2134639173746109 -0.22973920404911041 -0.23626801371574402 1.0915927886962891 1.3058499097824097 0 1/00358.png

362 0.45136997103691101 0.83251011371612549 0.22155860066413879 -0.23260252177715302 -0.2615945041179657 0.99615877866744995 1.3720601797103882 0 1/00361.png

363 0.4298718273639679 0.83472216129302979 0.24339242279529572 -0.24332962930202484 -0.24729125201702118 0.87151950597763062 1.4931740760803223 0 1/00365.png

364 0.44356063008308411 0.83130884170532227 0.22745838761329651 -0.24585013091564178 -0.23688368499279022 0.93474113941192627 1.4185341596603394 0 1/00363.png

365 0.43059736490249634 0.83833080530166626 0.25707674026489258 -0.21377278864383698 -0.35360884666442871 0.8292076587677002 1.5441460609436035 0 1/00367.png

366 0.43171346187591553 0.83410114049911499 0.24083448946475983 -0.244739830493927 -0.23393453657627106 0.88267612457275391 1.4716095924377441 0 1/00364.png

367 0.43314588069915771 0.84006810188293457 0.25934982299804688 -0.19851452112197876 -0.40996593236923218 0.79452639818191528 1.5462582111358643 0 1/00368.png

368 0.42917150259017944 0.83544808626174927 0.28113308548927307 -0.19698376953601837 -0.45317074656486511 0.74542796611785889 1.6228276491165161 0 1/00372.png

369 0.43209120631217957 0.83510297536849976 0.25495323538780212 -0.22560811042785645 -0.30546388030052185 0.84820258617401123 1.5171217918395996 0 1/00366.png

370 0.43158814311027527 0.83415448665618896 0.27796134352684021 -0.20163197815418243 -0.47215098142623901 0.74189728498458862 1.6178164482116699 0 1/00373.png

371 0.43178027868270874 0.83849215507507324 0.26724568009376526 -0.19767749309539795 -0.43341559171676636 0.78402459621429443 1.557354211807251 0 1/00369.png

372 0.43002346158027649 0.83521193265914917 0.28068730235099792 -0.19676259160041809 -0.50298243761062622 0.71836942434310913 1.6301766633987427 0 1/00374.png

373 0.4314424991607666 0.83420372009277344 0.27801927924156189 -0.20166048407554626 -0.43999415636062622 0.77012896537780762 1.6042002439498901 0 1/00371.png

374 0.41566160321235657 0.84219026565551758 0.28604701161384583 -0.19004759192466736 -0.52224093675613403 0.66796576976776123 1.6645873785018921 0 1/00375.png

375 0.42878663539886475 0.83745664358139038 0.28796735405921936 -0.17855875194072723 -0.59784573316574097 0.65569335222244263 1.6420886516571045 0 1/00377.png

376 0.41920667886734009 0.83726423978805542 0.30108276009559631 -0.18056434392929077 -0.60882109403610229 0.62227439880371094 1.6820368766784668 0 1/00378.png

377 0.42191699147224426 0.83267676830291748 0.31183221936225891 -0.17718915641307831 -0.63258779048919678 0.58116006851196289 1.6782456636428833 0 1/00379.png

378 0.41788572072982788 0.84278291463851929 0.28509509563446045 -0.18387281894683838 -0.55778729915618896 0.6478726863861084 1.6535974740982056 0 1/00376.png

379 0.42460191249847412 0.82633531093597412 0.32568851113319397 -0.17552848160266876 -0.67207282781600952 0.57154476642608643 1.7020406723022461 0 1/00381.png

380 0.42454394698143005 0.83262014389038086 0.31084772944450378 -0.17285738885402679 -0.65783023834228516 0.58233565092086792 1.6697018146514893 0 1/00380.png

381 0.43775635957717896 0.83522498607635498 0.26690128445625305 -0.19882713258266449 -0.43938875198364258 0.79576802253723145 1.5682797431945801 0 1/00370.png

382 0.42219382524490356 0.81924986839294434 0.33598095178604126 -0.19416186213493347 -0.63737607002258301 0.55966752767562866 1.7488783597946167 0 1/00384.png

383 0.42339909076690674 0.8269960880279541 0.32770976424217224 -0.17151392996311188 -0.68082898855209351 0.54890275001525879 1.7129448652267456 0 1/00382.png

384 0.42124813795089722 0.82595342397689819 0.32919299602508545 -0.17883811891078949 -0.67008125782012939 0.54716873168945312 1.7230755090713501 0 1/00383.png

385 0.41666808724403381 0.81652867794036865 0.34180790185928345 -0.20696836709976196 -0.59727871417999268 0.55923974514007568 1.780765175819397 0 1/00385.png

386 0.41789904236793518 0.8120613694190979 0.34651064872741699 -0.21411894261837006 -0.58093863725662231 0.56158208847045898 1.7939518690109253 0 1/00386.png

387 0.41535326838493347 0.80875247716903687 0.35415104031562805 -0.21903905272483826 -0.5796198844909668 0.55065357685089111 1.8227474689483643 0 1/00388.png

388 0.41515719890594482 0.80940711498260498 0.35324922204017639 -0.2184482216835022 -0.57743924856185913 0.55376237630844116 1.8150227069854736 0 1/00387.png

389 0.41113457083702087 0.80538958311080933 0.3702755868434906 -0.21263068914413452 -0.6067846417427063 0.50507211685180664 1.858661413192749 0 1/00390.png

390 0.41309496760368347 0.80954229831695557 0.35770925879478455 -0.21456421911716461 -0.59236764907836914 0.53682965040206909 1.8414671421051025 0 1/00389.png

391 0.41633749008178711 0.79734039306640625 0.38041433691978455 -0.2149333655834198 -0.61626327037811279 0.49061262607574463 1.8611056804656982 0 1/00392.png

392 0.41127410531044006 0.8015250563621521 0.37711727619171143 -0.21492750942707062 -0.60882663726806641 0.49289733171463013 1.8640799522399902 0 1/00391.png

393 0.41170608997344971 0.7894856333732605 0.39738333225250244 -0.2220291793346405 -0.59761041402816772 0.46931886672973633 1.9032082557678223 0 1/00394.png

394 0.41224721074104309 0.79127520322799683 0.39246600866317749 -0.22339728474617004 -0.60322463512420654 0.47919011116027832 1.8895697593688965 0 1/00393.png

395 0.41090300679206848 0.77501004934310913 0.41968798637390137 -0.23319557309150696 -0.57294774055480957 0.45188227295875549 1.9549651145935059 0 1/00397.png

396 0.39758232235908508 0.77450722455978394 0.43111303448677063 -0.23708333075046539 -0.53630197048187256 0.40034767985343933 2.0084447860717773 0 1/00399.png

397 0.41343441605567932 0.78083145618438721 0.41126415133476257 -0.22413419187068939 -0.59087419509887695 0.45623287558555603 1.9312951564788818 0 1/00396.png

398 0.41237697005271912 0.7868390679359436 0.40181463956832886 -0.22220350801944733 -0.59494185447692871 0.46537581086158752 1.9146788120269775 0 1/00395.png

399 0.38228434324264526 0.76428872346878052 0.45864289999008179 -0.24365583062171936 -0.49365097284317017 0.30957907438278198 2.0930478572845459 0 1/00404.png

400 0.40698593854904175 0.77509254217147827 0.42269274592399597 -0.23436065018177032 -0.55928933620452881 0.43487173318862915 1.9764695167541504 0 1/00398.png

401 0.38337591290473938 0.7665666937828064 0.45158907771110535 -0.24792289733886719 -0.48181962966918945 0.34809362888336182 2.0854232311248779 0 1/00402.png

402 0.38106125593185425 0.76058393716812134 0.45405185222625732 -0.26484212279319763 -0.46838393807411194 0.37024587392807007 2.1184194087982178 0 1/00407.png

403 0.38182252645492554 0.76621586084365845 0.45432105660438538 -0.24640874564647675 -0.48128026723861694 0.32077497243881226 2.0864148139953613 0 1/00403.png

404 0.37896096706390381 0.76482886075973511 0.45631194114685059 -0.25140553712844849 -0.48603656888008118 0.32469144463539124 2.1089427471160889 0 1/00406.png

405 0.39809241890907288 0.76810956001281738 0.43775683641433716 -0.24474266171455383 -0.51148653030395508 0.39109745621681213 2.0299396514892578 0 1/00401.png

406 0.39806768298149109 0.77245175838470459 0.43349581956863403 -0.2386249452829361 -0.52842485904693604 0.39186397194862366 2.0134646892547607 0 1/00400.png

407 0.381611168384552 0.76501733064651489 0.45649373531341553 -0.24644462764263153 -0.49587279558181763 0.31318408250808716 2.1008501052856445 0 1/00405.png

408 0.38713270425796509 0.75364780426025391 0.46016561985015869 -0.26531261205673218 -0.48119992017745972 0.38978350162506104 2.1186323165893555 0 1/00409.png

409 0.38526180386543274 0.75580132007598877 0.45909419655799866 -0.26376175880432129 -0.47476077079772949 0.37446850538253784 2.1224451065063477 0 1/00408.png

410 0.39767539501190186 0.74017876386642456 0.46724522113800049 -0.27508458495140076 -0.49954429268836975 0.45368021726608276 2.101294994354248 0 1/00412.png

411 0.39155176281929016 0.74471199512481689 0.46679911017417908 -0.27237808704376221 -0.48891305923461914 0.42715287208557129 2.122840404510498 0 1/00411.png

412 0.40160605311393738 0.73103576898574829 0.466612309217453 -0.29423171281814575 -0.47374296188354492 0.53026139736175537 2.0983223915100098 0 1/00414.png

413 0.39113005995750427 0.74720042943954468 0.46420612931251526 -0.27059453725814819 -0.48648154735565186 0.4144359827041626 2.1172225475311279 0 1/00410.png

414 0.40176710486412048 0.7378113865852356 0.46376612782478333 -0.28131568431854248 -0.49783802032470703 0.4986070990562439 2.0927224159240723 0 1/00413.png

415 0.41013479232788086 0.71810311079025269 0.46959102153778076 -0.30919516086578369 -0.46003162860870361 0.5895351767539978 2.059983491897583 0 1/00416.png

416 0.40709188580513 0.71727621555328369 0.47385197877883911 -0.30863475799560547 -0.46620702743530273 0.59175843000411987 2.0767865180969238 0 1/00417.png

417 0.41101741790771484 0.71444457769393921 0.4759560227394104 -0.30675643682479858 -0.48762026429176331 0.586231529712677 2.0420513153076172 0 1/00418.png

418 0.40331318974494934 0.72627139091491699 0.47199052572250366 -0.29511556029319763 -0.46824571490287781 0.5403708815574646 2.0896353721618652 0 1/00415.png

419 0.4068884551525116 0.71139532327651978 0.48124000430107117 -0.31107339262962341 -0.4944012463092804 0.61439758539199829 2.0466737747192383 0 1/00420.png

420 0.41112890839576721 0.70938014984130859 0.47929096221923828 -0.313102126121521 -0.49026954174041748 0.6110529899597168 2.0335884094238281 0 1/00419.png

421 0.41187971830368042 0.70658022165298462 0.48385834693908691 -0.3114171028137207 -0.51002919673919678 0.61628997325897217 2.0169422626495361 0 1/00421.png

422 0.40406760573387146 0.70587652921676636 0.48897191882133484 -0.3152366578578949 -0.54438602924346924 0.62896609306335449 2.0034346580505371 0 1/00424.png

423 0.41087573766708374 0.70395028591156006 0.48551565408706665 -0.31608498096466064 -0.5147404670715332 0.62965565919876099 2.009061336517334 0 1/00422.png

424 0.39258337020874023 0.72124570608139038 0.4828953742980957 -0.30412980914115906 -0.69661307334899902 0.70280373096466064 1.9620230197906494 0 1/00432.png

425 0.39851480722427368 0.71751326322555542 0.48122942447662354 -0.30786195397377014 -0.67046725749969482 0.69191884994506836 1.9542436599731445 0 1/00430.png

426 0.40216279029846191 0.71267348527908325 0.49330458045005798 -0.29497829079627991 -0.74452447891235352 0.72154712677001953 1.9345228672027588 0 1/00434.png

427 0.40717819333076477 0.71011811494827271 0.48071679472923279 -0.31440353393554688 -0.6421893835067749 0.69514435529708862 1.9511997699737549 0 1/00428.png

428 0.40772494673728943 0.70974957942962646 0.48038381338119507 -0.3150353729724884 -0.61685037612915039 0.67539131641387939 1.9498785734176636 0 1/00427.png

429 0.39208933711051941 0.72209525108337402 0.48712152242660522 -0.29590040445327759 -0.72199982404708862 0.70256727933883667 1.9563860893249512 0 1/00433.png

430 0.39582154154777527 0.70565813779830933 0.50336027145385742 -0.30331549048423767 -0.71928596496582031 0.77235019207000732 1.9406882524490356 0 1/00438.png

431 0.3876587450504303 0.71725755929946899 0.50067698955535889 -0.29083484411239624 -0.74197602272033691 0.71441435813903809 1.9684364795684814 0 1/00436.png

432 0.40445968508720398 0.70658600330352783 0.48840638995170593 -0.31401890516281128 -0.56876993179321289 0.63712549209594727 1.9918508529663086 0 1/00425.png

433 0.40248793363571167 0.70690089464187622 0.49246498942375183 -0.30947175621986389 -0.59645736217498779 0.6315535306930542 1.9871227741241455 0 1/00426.png

434 0.39798352122306824 0.71550744771957397 0.49709072709083557 -0.2873309850692749 -0.75573444366455078 0.71981102228164673 1.9510301351547241 0 1/00435.png

435 0.4061393141746521 0.7048417329788208 0.48838886618614197 -0.31579297780990601 -0.52605366706848145 0.6265217661857605 2.0135185718536377 0 1/00423.png

436 0.40259504318237305 0.71453338861465454 0.48240974545478821 -0.30763640999794006 -0.66223263740539551 0.68649739027023315 1.9602541923522949 0 1/00429.png

437 0.39996889233589172 0.70094233751296997 0.5051954984664917 -0.30574861168861389 -0.70482409000396729 0.81812113523483276 1.9210360050201416 0 1/00440.png

438 0.39697980880737305 0.71657311916351318 0.48259410262107849 -0.30989167094230652 -0.67751556634902954 0.70462274551391602 1.9535795450210571 0 1/00431.png

439 0.39775773882865906 0.70158177614212036 0.5077177882194519 -0.30297601222991943 -0.71096920967102051 0.794913649559021 1.9343955516815186 0 1/00439.png

440 0.39132466912269592 0.71556127071380615 0.5011715292930603 -0.28924781084060669 -0.74290835857391357 0.72695916891098022 1.9432322978973389 0 1/00437.png

441 0.40755546092987061 0.69133323431015015 0.51019680500030518 -0.30928325653076172 -0.71118271350860596 0.83901762962341309 1.9024715423583984 0 1/00441.png

442 0.41847521066665649 0.68115615844726562 0.51639378070831299 -0.30698895454406738 -0.73996198177337646 0.86649465560913086 1.8867058753967285 0 1/00443.png

443 0.42023193836212158 0.68668347597122192 0.5155300498008728 -0.29342728853225708 -0.77147769927978516 0.85142803192138672 1.8655338287353516 0 1/00444.png

444 0.41752111911773682 0.6829027533531189 0.51077753305435181 -0.31372955441474915 -0.71899509429931641 0.87735617160797119 1.8802096843719482 0 1/00442.png

445 0.40139368176460266 0.70463895797729492 0.5107802152633667 -0.28543063998222351 -0.78711915016174316 0.84217357635498047 1.8873964548110962 0 1/00446.png

446 0.37759077548980713 0.71712911128997803 0.52266150712966919 -0.26452967524528503 -0.79629868268966675 0.69638758897781372 1.922661304473877 0 1/00448.png

447 0.41214695572853088 0.69608211517333984 0.51422005891799927 -0.28492501378059387 -0.7872462272644043 0.84874022006988525 1.8660241365432739 0 1/00445.png

448 0.39199420809745789 0.70930898189544678 0.51891601085662842 -0.27193298935890198 -0.80266404151916504 0.76470053195953369 1.9123830795288086 0 1/00447.png

449 0.36929044127464294 0.7175258994102478 0.53136110305786133 -0.25775256752967834 -0.7948613166809082 0.63774740695953369 1.9303542375564575 0 1/00449.png

450 0.36158624291419983 0.71607130765914917 0.54348230361938477 -0.24723330140113831 -0.80219113826751709 0.56284594535827637 1.9300081729888916 0 1/00450.png

451 0.32565110921859741 0.73520666360855103 0.56788051128387451 -0.17588171362876892 -0.97277295589447021 0.23835590481758118 1.8318485021591187 0 1/00458.png

452 0.34680593013763428 0.72539639472961426 0.55738532543182373 -0.20699602365493774 -0.91149568557739258 0.37921780347824097 1.8739757537841797 0 1/00454.png

453 0.34916117787361145 0.7249634861946106 0.55287259817123413 -0.2164401113986969 -0.86804389953613281 0.432576984167099 1.9119608402252197 0 1/00452.png

454 0.32625856995582581 0.73745131492614746 0.56886303424835205 -0.16160376369953156 -1.022028923034668 0.20225322246551514 1.7946921586990356 0 1/00459.png

455 0.31682014465332031 0.74107372760772705 0.57919818162918091 -0.12232816964387894 -1.1020926237106323 0.057124674320220947 1.7031733989715576 0 1/00464.png

456 0.33910989761352539 0.73012715578079224 0.55910217761993408 -0.19830161333084106 -0.92504167556762695 0.34381929039955139 1.8709783554077148 0 1/00455.png

457 0.35171392560005188 0.72140771150588989 0.54906249046325684 -0.2332349419593811 -0.83054757118225098 0.49176663160324097 1.9419072866439819 0 1/00451.png

458 0.32495331764221191 0.73523998260498047 0.57848262786865234 -0.13851062953472137 -1.0878738164901733 0.12361800670623779 1.7338749170303345 0 1/00461.png

459 0.33535239100456238 0.73080849647521973 0.56338536739349365 -0.18988059461116791 -0.94516289234161377 0.30587869882583618 1.8570547103881836 0 1/00456.png

460 0.33307921886444092 0.73145884275436401 0.56540864706039429 -0.18530857563018799 -0.953724205493927 0.28310281038284302 1.8498647212982178 0 1/00457.png

461 0.30315276980400085 0.74847853183746338 0.57755362987518311 -0.11962490528821945 -1.0838382244110107 -0.00050580501556396484 1.6659466028213501 0 1/00466.png

462 0.34762263298034668 0.72869575023651123 0.55443626642227173 -0.20189455151557922 -0.90796089172363281 0.38762807846069336 1.8870817422866821 0 1/00453.png

463 0.33357369899749756 0.73559725284576416 0.57172155380249023 -0.14408254623413086 -1.071124792098999 0.16521313786506653 1.7353150844573975 0 1/00460.png

464 0.32308235764503479 0.7399170994758606 0.57624232769012451 -0.12682749330997467 -1.1071935892105103 0.08997952938079834 1.7069616317749023 0 1/00463.png

465 0.31169655919075012 0.74225544929504395 0.58075487613677979 -0.12093760073184967 -1.0912212133407593 0.024182498455047607 1.6847380399703979 0 1/00465.png

466 0.29358640313148499 0.75859057903289795 0.57260996103286743 -0.10229967534542084 -1.1073821783065796 -0.072272539138793945 1.5933488607406616 0 1/00469.png

467 0.30036672949790955 0.75321698188781738 0.57491713762283325 -0.10915263742208481 -1.0982697010040283 -0.045713305473327637 1.6084822416305542 0 1/00468.png

468 0.30134811997413635 0.74930310249328613 0.57844865322113037 -0.11459162086248398 -1.0884828567504883 -0.028352439403533936 1.6368876695632935 0 1/00467.png

469 0.32601362466812134 0.73707085847854614 0.57711631059646606 -0.1318269670009613 -1.1081898212432861 0.11082565784454346 1.7189245223999023 0 1/00462.png

470 0.28801339864730835 0.76542800664901733 0.5669713020324707 -0.098547942936420441 -1.1109806299209595 -0.08483731746673584 1.5785331726074219 0 1/00470.png

471 0.27556255459785461 0.76858407258987427 0.56905710697174072 -0.097559541463851929 -1.0823738574981689 -0.13060641288757324 1.5568501949310303 0 1/00472.png

472 0.28825145959854126 0.76415497064590454 0.5695074200630188 -0.092949472367763519 -1.1065139770507812 -0.1160728931427002 1.543599009513855 0 1/00471.png

473 0.26108303666114807 0.77474868297576904 0.56739699840545654 -0.098288796842098236 -1.028706431388855 -0.17751592397689819 1.5257090330123901 0 1/00475.png

474 0.26579564809799194 0.77745687961578369 0.56195855140686035 -0.095477364957332611 -1.05306077003479 -0.15694499015808105 1.5288044214248657 0 1/00474.png

475 0.27171042561531067 0.77116191387176514 0.56810265779495239 -0.093499124050140381 -1.0700922012329102 -0.15426450967788696 1.5382759571075439 0 1/00473.png

476 0.26501283049583435 0.77935439348220825 0.55983102321624756 -0.094678916037082672 -1.0218749046325684 -0.17287337779998779 1.5018337965011597 0 1/00476.png

477 0.25701698660850525 0.78105652332305908 0.56061035394668579 -0.098025374114513397 -0.99709933996200562 -0.18469709157943726 1.508825421333313 0 1/00477.png

478 0.25443658232688904 0.78250932693481445 0.55908358097076416 -0.10181762278079987 -0.95796382427215576 -0.19779485464096069 1.4959770441055298 0 1/00479.png

479 0.25705200433731079 0.78131145238876343 0.55996572971343994 -0.099574014544487 -0.97800469398498535 -0.19078242778778076 1.5004247426986694 0 1/00478.png

480 0.25501352548599243 0.7848435640335083 0.55607271194458008 -0.098852306604385376 -0.94996315240859985 -0.20306813716888428 1.483323335647583 0 1/00480.png

481 0.25273421406745911 0.78607791662216187 0.55533891916275024 -0.099023036658763885 -0.93156188726425171 -0.2145686149597168 1.4759718179702759 0 1/00481.png

482 0.23519569635391235 0.80262577533721924 0.53992849588394165 -0.094615131616592407 -0.83416485786437988 -0.26810294389724731 1.4427740573883057 0 1/00487.png

483 0.24349212646484375 0.79865223169326782 0.54243308305740356 -0.092912077903747559 -0.85671067237854004 -0.25408929586410522 1.442902684211731 0 1/00486.png

484 0.248424232006073 0.79502403736114502 0.54481238126754761 -0.096962302923202515 -0.86901611089706421 -0.23692208528518677 1.452201247215271 0 1/00485.png

485 0.21184417605400085 0.81259572505950928 0.53600424528121948 -0.086657889187335968 -0.72568655014038086 -0.3185538649559021 1.4217458963394165 0 1/00493.png

486 0.25452619791030884 0.79104745388031006 0.5476834774017334 -0.097483664751052856 -0.90319311618804932 -0.21639412641525269 1.4592841863632202 0 1/00483.png

487 0.24982291460037231 0.78746092319488525 0.55459380149841309 -0.099596619606018066 -0.9106411337852478 -0.22419643402099609 1.474056601524353 0 1/00482.png

488 0.22028696537017822 0.80928272008895874 0.53707790374755859 -0.08990207314491272 -0.77513659000396729 -0.30523484945297241 1.4273010492324829 0 1/00490.png

489 0.23019061982631683 0.80662393569946289 0.53744864463806152 -0.086712375283241272 -0.82285130023956299 -0.28751784563064575 1.4268280267715454 0 1/00488.png

490 0.21606329083442688 0.80967146158218384 0.53792798519134521 -0.091554313898086548 -0.75220447778701782 -0.31028217077255249 1.4296004772186279 0 1/00491.png

491 0.2147701233625412 0.81285959482192993 0.53384917974472046 -0.090211629867553711 -0.74010848999023438 -0.30656123161315918 1.4254231452941895 0 1/00492.png

492 0.25047159194946289 0.79251599311828613 0.54767179489135742 -0.096114091575145721 -0.88571667671203613 -0.23121339082717896 1.4574668407440186 0 1/00484.png

493 0.21074910461902618 0.81643509864807129 0.5306817889213562 -0.085996709764003754 -0.70604419708251953 -0.31550830602645874 1.4126968383789062 0 1/00495.png

494 0.2113276869058609 0.81333518028259277 0.53474235534667969 -0.088753439486026764 -0.71113693714141846 -0.31733417510986328 1.4209976196289062 0 1/00494.png

495 0.22050966322422028 0.81047093868255615 0.53497403860092163 -0.091187022626399994 -0.79420965909957886 -0.29565703868865967 1.4319044351577759 0 1/00489.png

496 0.20328909158706665 0.81721270084381104 0.53147071599960327 -0.091519571840763092 -0.6704258918762207 -0.3232654333114624 1.4187765121459961 0 1/00497.png

497 0.20113518834114075 0.82214647531509399 0.52491533756256104 -0.089909285306930542 -0.66473531723022461 -0.32007008790969849 1.4098268747329712 0 1/00498.png

498 0.206325963139534 0.81892168521881104 0.52830290794372559 -0.087709322571754456 -0.69160056114196777 -0.31766480207443237 1.4126174449920654 0 1/00496.png

499 0.20180425047874451 0.82718384265899658 0.51762712001800537 -0.084286108613014221 -0.66377389430999756 -0.31335300207138062 1.3938337564468384 0 1/00500.png

500 0.19965718686580658 0.82959896326065063 0.51389056444168091 -0.088425755500793457 -0.65661096572875977 -0.30769485235214233 1.394797682762146 0 1/00501.png

501 0.20338866114616394 0.83266532421112061 0.50745642185211182 -0.088258437812328339 -0.65741133689880371 -0.28682482242584229 1.3878792524337769 0 1/00502.png

502 0.19823905825614929 0.82515561580657959 0.52147376537322998 -0.0887952521443367 -0.65649378299713135 -0.31747663021087646 1.4041268825531006 0 1/00499.png

503 0.20772600173950195 0.83287566900253296 0.50555610656738281 -0.08706926554441452 -0.65488135814666748 -0.27175134420394897 1.3841160535812378 0 1/00503.png

504 0.21917618811130524 0.82996165752410889 0.50124466419219971 -0.10899224132299423 -0.60417807102203369 -0.19432950019836426 1.4129383563995361 0 1/00506.png

505 0.21030311286449432 0.83354729413986206 0.50002998113632202 -0.10460179299116135 -0.61646509170532227 -0.22486966848373413 1.4089633226394653 0 1/00505.png

506 0.20874899625778198 0.83333849906921387 0.50301092863082886 -0.094608321785926819 -0.63788986206054688 -0.25120466947555542 1.3962001800537109 0 1/00504.png

507 0.2237328439950943 0.82976514101028442 0.4973716139793396 -0.11855267733335495 -0.59000569581985474 -0.15983486175537109 1.4270318746566772 0 1/00507.png

508 0.22949196398258209 0.83079749345779419 0.49314141273498535 -0.11798543483018875 -0.59363400936126709 -0.13190597295761108 1.4249670505523682 0 1/00508.png

509 0.24189715087413788 0.83107072114944458 0.48401558399200439 -0.12859301269054413 -0.58475202322006226 -0.063026010990142822 1.4361088275909424 0 1/00510.png

510 0.23754198849201202 0.83164656162261963 0.48729738593101501 -0.1203288808465004 -0.59691125154495239 -0.095265567302703857 1.4252854585647583 0 1/00509.png

511 0.25081312656402588 0.84520637989044189 0.45297572016716003 -0.13240806758403778 -0.58122283220291138 0.029070794582366943 1.4322966337203979 0 1/00515.png

512 0.2479206919670105 0.83718371391296387 0.46838665008544922 -0.13517679274082184 -0.57662010192871094 -0.0036502480506896973 1.4414030313491821 0 1/00512.png

513 0.25512793660163879 0.83730405569076538 0.46356940269470215 -0.13760474324226379 -0.57837080955505371 0.019341409206390381 1.4390501976013184 0 1/00513.png

514 0.25893145799636841 0.84510862827301025 0.44630584120750427 -0.13984602689743042 -0.57834142446517944 0.067339539527893066 1.4339271783828735 0 1/00517.png

515 0.25847160816192627 0.84367924928665161 0.44923335313796997 -0.13995359838008881 -0.57536190748214722 0.056386470794677734 1.4313050508499146 0 1/00516.png

516 0.26846477389335632 0.8534473180770874 0.42891332507133484 -0.12485073506832123 -0.62239080667495728 0.093514978885650635 1.4021041393280029 0 1/00519.png

517 0.26235508918762207 0.84858274459838867 0.43936392664909363 -0.13430006802082062 -0.59717154502868652 0.075900018215179443 1.4249870777130127 0 1/00518.png

518 0.25032952427864075 0.8430899977684021 0.45723918080329895 -0.13216166198253632 -0.58290022611618042 0.019801974296569824 1.4348704814910889 0 1/00514.png

519 0.26819288730621338 0.8602331280708313 0.41286343336105347 -0.13272306323051453 -0.598319411277771 0.13505637645721436 1.4157450199127197 0 1/00523.png

520 0.24672263860702515 0.83309364318847656 0.47623211145401001 -0.13522572815418243 -0.57654660940170288 -0.026524960994720459 1.4399977922439575 0 1/00511.png

521 0.26926851272583008 0.85401171445846558 0.42568719387054443 -0.13018801808357239 -0.61296916007995605 0.11137181520462036 1.4108558893203735 0 1/00520.png

522 0.26719766855239868 0.85678225755691528 0.42003330588340759 -0.1345425546169281 -0.59749186038970947 0.12389469146728516 1.4197279214859009 0 1/00522.png

523 0.26734933257102966 0.86213743686676025 0.4093041718006134 -0.1330922394990921 -0.59694284200668335 0.13930678367614746 1.4182852506637573 0 1/00524.png

524 0.26917821168899536 0.8559144139289856 0.42082586884498596 -0.13363797962665558 -0.60383135080337524 0.12385904788970947 1.415727972984314 0 1/00521.png

525 0.27114048600196838 0.86535000801086426 0.40308517217636108 -0.12318496406078339 -0.62009018659591675 0.14409708976745605 1.4067665338516235 0 1/00526.png

526 0.27117586135864258 0.86456221342086792 0.40283900499343872 -0.12929230928421021 -0.60880029201507568 0.14979690313339233 1.4096680879592896 0 1/00525.png

527 0.27764061093330383 0.86598104238510132 0.39759409427642822 -0.12211280316114426 -0.63071542978286743 0.16087302565574646 1.3994399309158325 0 1/00527.png

528 0.27903097867965698 0.87101304531097412 0.3865448534488678 -0.11857986450195312 -0.64256882667541504 0.17486515641212463 1.3959470987319946 0 1/00529.png

529 0.27788731455802917 0.86821454763412476 0.39099550247192383 -0.12690387666225433 -0.62756967544555664 0.17752590775489807 1.4049316644668579 0 1/00528.png

530 0.27918493747711182 0.87898063659667969 0.36898598074913025 -0.11531780660152435 -0.66060185432434082 0.19629144668579102 1.3875722885131836 0 1/00531.png

531 0.27269172668457031 0.89083290100097656 0.34668588638305664 -0.10892605781555176 -0.6756749153137207 0.1960436999797821 1.3751205205917358 0 1/00534.png

532 0.2784627377986908 0.87461370229721069 0.37846198678016663 -0.11948159337043762 -0.64669418334960938 0.18569096922874451 1.394039511680603 0 1/00530.png

533 0.27149644494056702 0.89288294315338135 0.34488120675086975 -0.1005321741104126 -0.69095706939697266 0.17996454238891602 1.3630496263504028 0 1/00535.png

534 0.2812696099281311 0.8803747296333313 0.36465352773666382 -0.1133822500705719 -0.66819131374359131 0.19589328765869141 1.3815469741821289 0 1/00532.png

535 0.27945029735565186 0.88384264707565308 0.35823756456375122 -0.11133509874343872 -0.67267090082168579 0.19555383920669556 1.3766005039215088 0 1/00533.png

536 0.27557200193405151 0.89472568035125732 0.33777570724487305 -0.09712662547826767 -0.70515584945678711 0.18981301784515381 1.347392201423645 0 1/00536.png

537 0.26776736974716187 0.90811550617218018 0.31445994973182678 -0.068861283361911774 -0.75326794385910034 0.15993702411651611 1.299452543258667 0 1/00541.png

538 0.27338865399360657 0.89863288402557373 0.33146649599075317 -0.088585972785949707 -0.72232979536056519 0.18538421392440796 1.3394260406494141 0 1/00537.png

539 0.27115747332572937 0.90991944074630737 0.30443331599235535 -0.07642364501953125 -0.73884499073028564 0.18994078040122986 1.2996290922164917 0 1/00544.png

540 0.26457712054252625 0.91034549474716187 0.31093364953994751 -0.067751757800579071 -0.7507328987121582 0.15808096528053284 1.2954698801040649 0 1/00542.png

541 0.27212503552436829 0.90339869260787964 0.32154640555381775 -0.080166876316070557 -0.73928803205490112 0.17542821168899536 1.3148998022079468 0 1/00539.png

542 0.2697678804397583 0.90210253000259399 0.32707813382148743 -0.0803508460521698 -0.73523056507110596 0.16810840368270874 1.3253664970397949 0 1/00538.png

543 0.27204498648643494 0.90506047010421753 0.31729996204376221 -0.078599154949188232 -0.74404001235961914 0.17848163843154907 1.3123301267623901 0 1/00540.png

544 0.27967578172683716 0.90992218255996704 0.29655143618583679 -0.076683074235916138 -0.74232959747314453 0.22666224837303162 1.2901549339294434 0 1/00546.png

545 0.26958933472633362 0.90899175405502319 0.30869993567466736 -0.075894363224506378 -0.74042332172393799 0.17904567718505859 1.3010967969894409 0 1/00543.png

546 0.27502641081809998 0.91028273105621338 0.30026045441627502 -0.074762247502803802 -0.742470383644104 0.2043059766292572 1.2906434535980225 0 1/00545.png

547 0.28485608100891113 0.90724313259124756 0.2987377941608429 -0.080762729048728943 -0.73945713043212891 0.23840317130088806 1.2948708534240723 0 1/00547.png

548 0.28436088562011719 0.90765279531478882 0.29872462153434753 -0.077903449535369873 -0.74139982461929321 0.23592954874038696 1.2934838533401489 0 1/00548.png

549 0.28358322381973267 0.90742218494415283 0.29673168063163757 -0.090087868273258209 -0.71605104207992554 0.2550366222858429 1.3093407154083252 0 1/00550.png

550 0.28017261624336243 0.90878152847290039 0.29706144332885742 -0.085871800780296326 -0.724814772605896 0.24242839217185974 1.3060050010681152 0 1/00549.png

551 0.28363913297653198 0.90936928987503052 0.29360827803611755 -0.079940855503082275 -0.7335505485534668 0.26212289929389954 1.2968544960021973 0 1/00553.png

552 0.28404766321182251 0.90743237733840942 0.29850074648857117 -0.082345344126224518 -0.72836518287658691 0.25258186459541321 1.3034347295761108 0 1/00552.png

553 0.29164677858352661 0.9064672589302063 0.29239144921302795 -0.088128514587879181 -0.72552812099456787 0.28995257616043091 1.2990059852600098 0 1/00554.png

554 0.28476864099502563 0.90732324123382568 0.29773116111755371 -0.083830535411834717 -0.72386264801025391 0.25431308150291443 1.3032515048980713 0 1/00551.png

555 0.28832840919494629 0.90773129463195801 0.29108798503875732 -0.090324096381664276 -0.71994984149932861 0.29747596383094788 1.3089630603790283 0 1/00555.png

556 0.28907191753387451 0.90761250257492065 0.29072082042694092 -0.090323545038700104 -0.72026127576828003 0.30159124732017517 1.3080077171325684 0 1/00556.png

557 0.29002708196640015 0.90752130746841431 0.28849384188652039 -0.095187440514564514 -0.71465182304382324 0.31440544128417969 1.3103182315826416 0 1/00557.png

558 0.29896020889282227 0.90488153696060181 0.28668004274368286 -0.098116412758827209 -0.71675002574920654 0.34657922387123108 1.3024458885192871 0 1/00560.png

559 0.29480907320976257 0.90655285120010376 0.2861911952495575 -0.09666471928358078 -0.7148737907409668 0.33659613132476807 1.3061212301254272 0 1/00559.png

560 0.29390856623649597 0.90593290328979492 0.28944504261016846 -0.095524683594703674 -0.71624177694320679 0.32327598333358765 1.3072446584701538 0 1/00558.png

561 0.29778459668159485 0.90524542331695557 0.28509390354156494 -0.10284246504306793 -0.71153509616851807 0.37157294154167175 1.3053380250930786 0 1/00567.png

562 0.30016955733299255 0.90426146984100342 0.28612235188484192 -0.10170228034257889 -0.71509063243865967 0.37065833806991577 1.3029254674911499 0 1/00565.png

563 0.30118212103843689 0.90337240695953369 0.28905192017555237 -0.098267912864685059 -0.72320842742919922 0.35702657699584961 1.3002493381500244 0 1/00562.png

564 0.30303409695625305 0.90265423059463501 0.28820157051086426 -0.10161463171243668 -0.71944457292556763 0.36732533574104309 1.3013225793838501 0 1/00563.png

565 0.29724457859992981 0.90508633852005005 0.28966978192329407 -0.092497691512107849 -0.7271304726600647 0.34119850397109985 1.3003880977630615 0 1/00561.png

566 0.30079552531242371 0.90310549736022949 0.28840163350105286 -0.10366763174533844 -0.71373951435089111 0.36794623732566833 1.3065378665924072 0 1/00564.png

567 0.3009168803691864 0.90422904491424561 0.28511086106300354 -0.10261908918619156 -0.71448379755020142 0.37510412931442261 1.3019678592681885 0 1/00566.png

568 0.30077576637268066 0.90332317352294922 0.28791570663452148 -0.1031777411699295 -0.71325981616973877 0.37146976590156555 1.3013465404510498 0 1/00570.png

569 0.29936769604682922 0.90453195571899414 0.28462359309196472 -0.10578407347202301 -0.70620685815811157 0.37601563334465027 1.305334210395813 0 1/00568.png

570 0.29843634366989136 0.90439814329147339 0.28794464468955994 -0.10043685883283615 -0.71734893321990967 0.36713975667953491 1.3001372814178467 0 1/00571.png

571 0.29858267307281494 0.90427595376968384 0.28694245219230652 -0.10391105711460114 -0.71050405502319336 0.3758406937122345 1.3036900758743286 0 1/00573.png

572 0.2999904453754425 0.9025079607963562 0.29000535607337952 -0.10668650269508362 -0.70638883113861084 0.36906358599662781 1.3074743747711182 0 1/00569.png

573 0.30036380887031555 0.90360522270202637 0.28767865896224976 -0.10256825387477875 -0.71406823396682739 0.37336933612823486 1.3002278804779053 0 1/00572.png

