# Image list with two lines of data per image:
#   IMAGE_ID, QW, QX, QY, QZ, TX, TY, TZ, CAMERA_ID, NAME
#   POINTS2D[] as (X, Y, POINT3D_ID)
# Number of images: 573, mean observations per image: 0
1 0.41611295938491821 0.88740366697311401 0.19588862359523773 -0.031501803547143936 -1.4214818477630615 1.1524477005004883 0.56376993656158447 0 1/00005.png

2 0.4442908763885498 0.87872177362442017 0.1688980907201767 -0.043899044394493103 -1.3714046478271484 1.2421708106994629 0.5252993106842041 0 1/00009.png

3 0.40519508719444275 0.88279682397842407 0.23516784608364105 -0.034390956163406372 -1.4501738548278809 1.0238354206085205 0.61502432823181152 0 1/00001.png

4 0.41115424036979675 0.88260120153427124 0.22541080415248871 -0.034018713980913162 -1.4517393112182617 1.0570673942565918 0.60996097326278687 0 1/00002.png

5 0.41245624423027039 0.88763916492462158 0.20217199623584747 -0.033211134374141693 -1.4217402935028076 1.115558385848999 0.58263093233108521 0 1/00004.png

6 0.42565855383872986 0.88566261529922485 0.18205927312374115 -0.03565143421292305 -1.4097287654876709 1.1836497783660889 0.54447239637374878 0 1/00006.png

7 0.45435306429862976 0.86916881799697876 0.18538801372051239 -0.061157736927270889 -1.3601199388504028 1.2200275659561157 0.60939151048660278 0 1/00012.png

8 0.41210094094276428 0.88511770963668823 0.21340601146221161 -0.034602172672748566 -1.4325587749481201 1.0736342668533325 0.59619081020355225 0 1/00003.png

9 0.43254104256629944 0.88330256938934326 0.17661619186401367 -0.03862178698182106 -1.3857433795928955 1.2194581031799316 0.52580690383911133 0 1/00008.png

10 0.4464493989944458 0.87621086835861206 0.17393046617507935 -0.051822733134031296 -1.362170934677124 1.2376763820648193 0.56007778644561768 0 1/00011.png

11 0.42766156792640686 0.88575321435928345 0.17514654994010925 -0.043250255286693573 -1.3860671520233154 1.208782434463501 0.52872151136398315 0 1/00007.png

12 0.45563200116157532 0.86342698335647583 0.20510484278202057 -0.069464929401874542 -1.351166844367981 1.1826634407043457 0.68061059713363647 0 1/00014.png

13 0.44567522406578064 0.87721699476242065 0.17249098420143127 -0.0459425188601017 -1.3737360239028931 1.2380850315093994 0.53770637512207031 0 1/00010.png

14 0.43956604599952698 0.85399001836776733 0.24971522390842438 -0.12298398464918137 -1.2398288249969482 1.1148741245269775 0.96510004997253418 0 1/00018.png

15 0.45129230618476868 0.85528779029846191 0.23420239984989166 -0.099836044013500214 -1.2955818176269531 1.1228902339935303 0.86739784479141235 0 1/00017.png

16 0.45603328943252563 0.85701155662536621 0.22444692254066467 -0.084784150123596191 -1.3302938938140869 1.1489667892456055 0.78117108345031738 0 1/00016.png

17 0.46113201975822449 0.85790443420410156 0.21336348354816437 -0.076375909149646759 -1.3466012477874756 1.1667051315307617 0.73771369457244873 0 1/00015.png

18 0.42309221625328064 0.82559216022491455 0.33657777309417725 -0.16157303750514984 -1.1283512115478516 0.94918215274810791 1.1988139152526855 0 1/00024.png

19 0.45634040236473083 0.86522066593170166 0.1967073529958725 -0.066729731857776642 -1.3620257377624512 1.1946001052856445 0.64588487148284912 0 1/00013.png

20 0.43234410881996155 0.84934705495834351 0.27221494913101196 -0.13261620700359344 -1.2111356258392334 1.0518654584884644 1.0775688886642456 0 1/00020.png

21 0.426401287317276 0.84383320808410645 0.29014945030212402 -0.14812374114990234 -1.1809576749801636 1.0438685417175293 1.1149954795837402 0 1/00021.png

22 0.43099462985992432 0.85344427824020386 0.26253092288970947 -0.1302071213722229 -1.2186920642852783 1.0835088491439819 1.0339145660400391 0 1/00019.png

23 0.42421826720237732 0.84031933546066284 0.30307012796401978 -0.14849507808685303 -1.1716152429580688 1.0057448148727417 1.1298004388809204 0 1/00022.png

24 0.42511940002441406 0.83393901586532593 0.31812575459480286 -0.15038366615772247 -1.1496871709823608 0.9627830982208252 1.159705638885498 0 1/00023.png

25 0.41278484463691711 0.81346923112869263 0.36968702077865601 -0.17665764689445496 -1.0645174980163574 0.87632054090499878 1.2868583202362061 0 1/00026.png

26 0.41083794832229614 0.80136537551879883 0.39375048875808716 -0.18435367941856384 -1.0231016874313354 0.83616167306900024 1.3187104463577271 0 1/00027.png

27 0.41526117920875549 0.82060050964355469 0.35343664884567261 -0.17104227840900421 -1.0921685695648193 0.9089590311050415 1.2458044290542603 0 1/00025.png

28 0.41223207116127014 0.79252523183822632 0.41057771444320679 -0.18274141848087311 -1.0144295692443848 0.80311530828475952 1.3416893482208252 0 1/00028.png

29 0.40624681115150452 0.79222142696380615 0.41721600294113159 -0.18242678046226501 -0.99268931150436401 0.76969116926193237 1.3591318130493164 0 1/00029.png

30 0.4079042375087738 0.77928245067596436 0.43795979022979736 -0.18580715358257294 -0.97313201427459717 0.73959839344024658 1.374362587928772 0 1/00030.png

31 0.41352951526641846 0.76442301273345947 0.46077409386634827 -0.17982757091522217 -0.94906830787658691 0.69091492891311646 1.3913214206695557 0 1/00032.png

32 0.40896472334861755 0.74859112501144409 0.48716586828231812 -0.18715940415859222 -0.91552793979644775 0.64785510301589966 1.4106090068817139 0 1/00033.png

33 0.40170544385910034 0.72621601819992065 0.52842956781387329 -0.17890004813671112 -0.87023723125457764 0.53288763761520386 1.4463279247283936 0 1/00036.png

34 0.41389930248260498 0.76775640249252319 0.45259210467338562 -0.18546655774116516 -0.96085381507873535 0.7160336971282959 1.3719038963317871 0 1/00031.png

35 0.36587750911712646 0.69693845510482788 0.58626043796539307 -0.19159677624702454 -0.72240686416625977 0.38877686858177185 1.5673515796661377 0 1/00040.png

36 0.4120936393737793 0.73934513330459595 0.49866533279418945 -0.18676333129405975 -0.89104962348937988 0.62397396564483643 1.4150742292404175 0 1/00034.png

37 0.38181301951408386 0.69799906015396118 0.57750636339187622 -0.1830366849899292 -0.76480907201766968 0.41230690479278564 1.5257679224014282 0 1/00039.png

38 0.41160005331039429 0.7307705283164978 0.51275628805160522 -0.18341417610645294 -0.88979315757751465 0.59264451265335083 1.4249520301818848 0 1/00035.png

39 0.39143776893615723 0.70802831649780273 0.56088602542877197 -0.17572499811649323 -0.82930219173431396 0.44717013835906982 1.4826879501342773 0 1/00038.png

40 0.3963778018951416 0.71902316808700562 0.54292428493499756 -0.17641855776309967 -0.84402883052825928 0.48700585961341858 1.464572548866272 0 1/00037.png

41 0.34569650888442993 0.69730955362319946 0.59407252073287964 -0.20330025255680084 -0.65226686000823975 0.3626493513584137 1.6171536445617676 0 1/00041.png

42 0.31489244103431702 0.70586937665939331 0.59458708763122559 -0.22148911654949188 -0.54986262321472168 0.33703497052192688 1.6905080080032349 0 1/00044.png

43 0.29263874888420105 0.74477601051330566 0.56448173522949219 -0.20256288349628448 -0.56463450193405151 0.27627092599868774 1.6742150783538818 0 1/00050.png

44 0.2974105179309845 0.72846007347106934 0.57778936624526978 -0.2169155478477478 -0.54252630472183228 0.31141412258148193 1.697715163230896 0 1/00047.png

45 0.33486840128898621 0.69204294681549072 0.60347092151641846 -0.21157155930995941 -0.59626668691635132 0.35032674670219421 1.6468281745910645 0 1/00042.png

46 0.29339981079101562 0.74028337001800537 0.5685197114944458 -0.20659708976745605 -0.5623633861541748 0.28512078523635864 1.6913812160491943 0 1/00049.png

47 0.29888489842414856 0.7208254337310791 0.5854155421257019 -0.21992507576942444 -0.5318261981010437 0.30924728512763977 1.6953880786895752 0 1/00046.png

48 0.29481396079063416 0.73452168703079224 0.57349687814712524 -0.21133828163146973 -0.55343687534332275 0.2984488308429718 1.6905415058135986 0 1/00048.png

49 0.32889264822006226 0.69437462091445923 0.60155123472213745 -0.21865390241146088 -0.57447171211242676 0.35343104600906372 1.6763591766357422 0 1/00043.png

50 0.30637359619140625 0.71094614267349243 0.59282833337783813 -0.2219129353761673 -0.54045331478118896 0.32534375786781311 1.6913758516311646 0 1/00045.png

51 0.29312500357627869 0.75295263528823853 0.55416524410247803 -0.20010234415531158 -0.56119155883789062 0.27571624517440796 1.6722546815872192 0 1/00053.png

52 0.28968244791030884 0.75094711780548096 0.55824655294418335 -0.20130382478237152 -0.55352222919464111 0.26635539531707764 1.6789077520370483 0 1/00051.png

53 0.29685419797897339 0.75850558280944824 0.54808497428894043 -0.19013085961341858 -0.57813358306884766 0.26224401593208313 1.6486921310424805 0 1/00055.png

54 0.28600692749023438 0.75661700963973999 0.55358052253723145 -0.19818998873233795 -0.56648504734039307 0.26026755571365356 1.6758755445480347 0 1/00052.png

55 0.29844912886619568 0.76999253034591675 0.533119797706604 -0.18390996754169464 -0.57236772775650024 0.25333568453788757 1.6377204656600952 0 1/00057.png

56 0.28993377089500427 0.77596348524093628 0.52840203046798706 -0.18603841960430145 -0.57066440582275391 0.25077560544013977 1.6439329385757446 0 1/00058.png

57 0.28696009516716003 0.78473478555679321 0.51704710721969604 -0.18576201796531677 -0.56234985589981079 0.25481802225112915 1.6340780258178711 0 1/00059.png

58 0.30076286196708679 0.75411790609359741 0.55087000131607056 -0.19336546957492828 -0.57774096727371216 0.27395936846733093 1.660157322883606 0 1/00054.png

59 0.25996816158294678 0.84199869632720947 0.43257313966751099 -0.19061791896820068 -0.4740641713142395 0.29003176093101501 1.6283386945724487 0 1/00067.png

60 0.29108241200447083 0.7655760645866394 0.54127413034439087 -0.19022789597511292 -0.57357138395309448 0.25856110453605652 1.6553946733474731 0 1/00056.png

61 0.27067461609840393 0.80770671367645264 0.49200025200843811 -0.17966876924037933 -0.54290235042572021 0.22132480144500732 1.6318066120147705 0 1/00062.png

62 0.27205723524093628 0.8000449538230896 0.50183409452438354 -0.18459516763687134 -0.53524589538574219 0.22871717810630798 1.636161208152771 0 1/00061.png

63 0.25933042168617249 0.83683693408966064 0.44594645500183105 -0.18325798213481903 -0.50373983383178711 0.25543057918548584 1.6157752275466919 0 1/00066.png

64 0.26273763179779053 0.83115047216415405 0.45726743340492249 -0.17625038325786591 -0.52321457862854004 0.23291900753974915 1.6078603267669678 0 1/00065.png

65 0.26848852634429932 0.81601208448410034 0.48025190830230713 -0.17718984186649323 -0.54012775421142578 0.22160586714744568 1.6182812452316284 0 1/00063.png

66 0.24821208417415619 0.85734289884567261 0.40798631310462952 -0.19209684431552887 -0.42558008432388306 0.31249013543128967 1.6227998733520508 0 1/00069.png

67 0.28090387582778931 0.79067718982696533 0.50956308841705322 -0.19044196605682373 -0.5385785698890686 0.25524431467056274 1.6387526988983154 0 1/00060.png

68 0.26284077763557434 0.82275831699371338 0.47140929102897644 -0.17820411920547485 -0.53443992137908936 0.22370734810829163 1.6167728900909424 0 1/00064.png

69 0.24896982312202454 0.85009849071502686 0.42177456617355347 -0.19352702796459198 -0.45105588436126709 0.29148724675178528 1.6242744922637939 0 1/00068.png

70 0.25673249363899231 0.85841631889343262 0.40506869554519653 -0.18201461434364319 -0.415050208568573 0.3535197377204895 1.6287392377853394 0 1/00072.png

71 0.25388580560684204 0.85802823305130005 0.40264752507209778 -0.19288477301597595 -0.41822910308837891 0.33910158276557922 1.6201845407485962 0 1/00070.png

72 0.27017468214035034 0.85822749137878418 0.40287098288536072 -0.16776785254478455 -0.41055092215538025 0.3861546516418457 1.6156940460205078 0 1/00075.png

73 0.27251380681991577 0.86219584941864014 0.39948615431785583 -0.15088163316249847 -0.40275201201438904 0.39864486455917358 1.6230206489562988 0 1/00078.png

74 0.27523636817932129 0.85716569423675537 0.40392056107521057 -0.16235783696174622 -0.40872722864151001 0.39626055955886841 1.6164020299911499 0 1/00076.png

75 0.26223123073577881 0.86098682880401611 0.40097180008888245 -0.17075756192207336 -0.41248911619186401 0.35797199606895447 1.6081833839416504 0 1/00073.png

76 0.25449845194816589 0.85959374904632568 0.39894187450408936 -0.19280694425106049 -0.40891161561012268 0.35517555475234985 1.626689076423645 0 1/00071.png

77 0.27125182747840881 0.8574334979057312 0.40165570378303528 -0.17292484641075134 -0.42152047157287598 0.38313239812850952 1.6134527921676636 0 1/00074.png

78 0.28388434648513794 0.85760152339935303 0.40256127715110779 -0.1478971540927887 -0.40776342153549194 0.40964436531066895 1.6274666786193848 0 1/00079.png

79 0.27750810980796814 0.85859078168869019 0.4013819694519043 -0.15717379748821259 -0.40961834788322449 0.40031218528747559 1.6185302734375 0 1/00077.png

80 0.27750816941261292 0.86177164316177368 0.40014556050300598 -0.14220517873764038 -0.4107246994972229 0.39845529198646545 1.6218464374542236 0 1/00080.png

81 0.27825599908828735 0.86012428998947144 0.40809416770935059 -0.12735381722450256 -0.43308943510055542 0.36424985527992249 1.6217014789581299 0 1/00081.png

82 0.27231726050376892 0.86173927783966064 0.41158869862556458 -0.1176581084728241 -0.43964651226997375 0.32624149322509766 1.6130812168121338 0 1/00082.png

83 0.29594197869300842 0.87793022394180298 0.37010100483894348 -0.06842494010925293 -0.55742138624191284 0.44396829605102539 1.5347332954406738 0 1/00089.png

84 0.28026634454727173 0.86516076326370239 0.40487614274024963 -0.094988852739334106 -0.47550138831138611 0.35636210441589355 1.6058087348937988 0 1/00086.png

85 0.28257456421852112 0.86879032850265503 0.39740487933158875 -0.086164519190788269 -0.49835303425788879 0.37044328451156616 1.5841001272201538 0 1/00087.png

86 0.26993978023529053 0.86355465650558472 0.41347774863243103 -0.10218570381402969 -0.44874563813209534 0.32287785410881042 1.6181695461273193 0 1/00084.png

87 0.28889656066894531 0.87436121702194214 0.38350433111190796 -0.070396453142166138 -0.54156208038330078 0.39910405874252319 1.5586839914321899 0 1/00088.png

88 0.27068239450454712 0.862434983253479 0.41428485512733459 -0.10632511973381042 -0.44308862090110779 0.31266534328460693 1.6143342256546021 0 1/00083.png

89 0.30248954892158508 0.89128923416137695 0.33548262715339661 -0.039432503283023834 -0.59957003593444824 0.49182805418968201 1.4593784809112549 0 1/00092.png

90 0.31007137894630432 0.88331484794616699 0.34859663248062134 -0.04572751373052597 -0.62315034866333008 0.50118768215179443 1.469897985458374 0 1/00091.png

91 0.27225342392921448 0.86561262607574463 0.40910694003105164 -0.096043102443218231 -0.47399407625198364 0.3215520977973938 1.5970263481140137 0 1/00085.png

92 0.30202499032020569 0.88249462842941284 0.35700991749763489 -0.050280522555112839 -0.60901087522506714 0.46733403205871582 1.495996356010437 0 1/00090.png

93 0.29597416520118713 0.89464151859283447 0.33138608932495117 -0.046893931925296783 -0.57665997743606567 0.48665183782577515 1.4549548625946045 0 1/00093.png

94 0.29853054881095886 0.89879727363586426 0.31843274831771851 -0.040540829300880432 -0.56292343139648438 0.49744653701782227 1.4270896911621094 0 1/00094.png

95 0.28830793499946594 0.90486478805541992 0.31148797273635864 -0.032764475792646408 -0.56704974174499512 0.4610251784324646 1.4200412034988403 0 1/00095.png

96 0.28140491247177124 0.91419440507888794 0.28995689749717712 -0.031381268054246902 -0.55577224493026733 0.46549224853515625 1.386020302772522 0 1/00096.png

97 0.27054491639137268 0.92227494716644287 0.27143165469169617 -0.050391972064971924 -0.45497944951057434 0.48034840822219849 1.3844369649887085 0 1/00098.png

98 0.27286890149116516 0.91821008920669556 0.28459170460700989 -0.037951387465000153 -0.52363091707229614 0.45515531301498413 1.3896158933639526 0 1/00097.png

99 0.2568109929561615 0.93725621700286865 0.23106847703456879 -0.046971976757049561 -0.40513947606086731 0.45956575870513916 1.3352212905883789 0 1/00103.png

100 0.26002824306488037 0.93080472946166992 0.25045213103294373 -0.057110141962766647 -0.41308426856994629 0.47242707014083862 1.3628727197647095 0 1/00100.png

101 0.26156193017959595 0.93541061878204346 0.23229224979877472 -0.051309697329998016 -0.41522067785263062 0.4784066379070282 1.3280762434005737 0 1/00102.png

102 0.2615831196308136 0.9273112416267395 0.26107659935951233 -0.059220433235168457 -0.42888867855072021 0.47418501973152161 1.3823859691619873 0 1/00099.png

103 0.26634666323661804 0.93127292394638062 0.24257670342922211 -0.054283503443002701 -0.40967386960983276 0.49242019653320312 1.3532490730285645 0 1/00101.png

104 0.25404703617095947 0.93944710493087769 0.22655689716339111 -0.03963867574930191 -0.41073575615882874 0.4590192437171936 1.3281060457229614 0 1/00104.png

105 0.2437177449464798 0.94509994983673096 0.21463105082511902 -0.03634900227189064 -0.40614223480224609 0.42989784479141235 1.3126299381256104 0 1/00105.png

106 0.24860756099224091 0.9501921534538269 0.18696409463882446 -0.019328214228153229 -0.3951660692691803 0.44901975989341736 1.3020075559616089 0 1/00107.png

107 0.24929800629615784 0.94582033157348633 0.20547181367874146 -0.032491490244865417 -0.40520495176315308 0.43589138984680176 1.3010886907577515 0 1/00106.png

108 0.26304873824119568 0.95297598838806152 0.150443434715271 0.0029666624031960964 -0.40797722339630127 0.50576609373092651 1.2860524654388428 0 1/00110.png

109 0.26261761784553528 0.95080554485321045 0.16400247812271118 -0.010196169838309288 -0.39968657493591309 0.49658256769180298 1.2919752597808838 0 1/00109.png

110 0.24703992903232574 0.95107895135879517 0.18465438485145569 -0.017970269545912743 -0.39765217900276184 0.44473272562026978 1.3050436973571777 0 1/00108.png

111 0.28279531002044678 0.95292651653289795 0.10715048015117645 0.02183292992413044 -0.37364876270294189 0.60489892959594727 1.3074556589126587 0 1/00114.png

112 0.26911264657974243 0.95521640777587891 0.12157197296619415 0.018978122621774673 -0.41058236360549927 0.54622030258178711 1.2881674766540527 0 1/00112.png

113 0.28230372071266174 0.9535059928894043 0.10210688412189484 0.026554929092526436 -0.36451020836830139 0.60823988914489746 1.3173744678497314 0 1/00115.png

114 0.2733437716960907 0.95294266939163208 0.13015478849411011 0.015597669407725334 -0.41411826014518738 0.54397380352020264 1.2811645269393921 0 1/00111.png

115 0.28354305028915405 0.95335114002227783 0.10026643425226212 0.025915982201695442 -0.34094741940498352 0.63662105798721313 1.3297990560531616 0 1/00116.png

116 0.27641969919204712 0.95367693901062012 0.11684003472328186 0.02099836990237236 -0.37963521480560303 0.57833707332611084 1.310460090637207 0 1/00113.png

117 0.28376302123069763 0.95462340116500854 0.087049476802349091 0.024393064901232719 -0.29786485433578491 0.64171832799911499 1.3558773994445801 0 1/00120.png

118 0.28916865587234497 0.95276689529418945 0.091041482985019684 0.018116524443030357 -0.33354431390762329 0.637653648853302 1.3356319665908813 0 1/00117.png

119 0.29010733962059021 0.95288336277008057 0.083349741995334625 0.030063312500715256 -0.29795518517494202 0.65654182434082031 1.3655029535293579 0 1/00121.png

120 0.28989240527153015 0.95283174514770508 0.087800927460193634 0.019105309620499611 -0.32281550765037537 0.64605611562728882 1.3458931446075439 0 1/00118.png

121 0.28158989548683167 0.95538115501403809 0.085573725402355194 0.025120776146650314 -0.304749995470047 0.63245654106140137 1.3629574775695801 0 1/00119.png

122 0.33850347995758057 0.93644893169403076 0.070852689445018768 0.058810573071241379 -0.28978261351585388 0.84357023239135742 1.3155287504196167 0 1/00126.png

123 0.31109586358070374 0.94649279117584229 0.075072683393955231 0.041651532053947449 -0.30162680149078369 0.74035906791687012 1.3414784669876099 0 1/00123.png

124 0.29949530959129333 0.94965779781341553 0.083371378481388092 0.038753334432840347 -0.29206782579421997 0.69982415437698364 1.348117470741272 0 1/00122.png

125 0.31291621923446655 0.94527620077133179 0.078803263604640961 0.048231102526187897 -0.30559468269348145 0.74952661991119385 1.3392800092697144 0 1/00124.png

126 0.32319492101669312 0.94199681282043457 0.07297758013010025 0.053491588681936264 -0.30233049392700195 0.78839737176895142 1.3224285840988159 0 1/00125.png

127 0.36782130599021912 0.92580103874206543 0.048933163285255432 0.072147496044635773 -0.21585693955421448 0.95536738634109497 1.2528971433639526 0 1/00132.png

128 0.35944172739982605 0.92929679155349731 0.058251526206731796 0.061773538589477539 -0.24290527403354645 0.92518436908721924 1.276944637298584 0 1/00128.png

129 0.34560346603393555 0.93465769290924072 0.062670387327671051 0.055187955498695374 -0.26479795575141907 0.87800306081771851 1.303598165512085 0 1/00127.png

130 0.36172300577163696 0.9281119704246521 0.050291512161493301 0.072355501353740692 -0.23394307494163513 0.95006537437438965 1.2590978145599365 0 1/00131.png

131 0.36466899514198303 0.92699015140533447 0.044241957366466522 0.075817868113517761 -0.18610002100467682 0.96604275703430176 1.2484179735183716 0 1/00133.png

132 0.36221376061439514 0.92829632759094238 0.052096303552389145 0.065977379679679871 -0.23891714215278625 0.94517683982849121 1.2536683082580566 0 1/00130.png

133 0.36829879879951477 0.92576754093170166 0.04959728941321373 0.069646947085857391 -0.061288982629776001 0.99310117959976196 1.1823612451553345 0 1/00138.png

134 0.36021175980567932 0.9285813570022583 0.046385370194911957 0.076371654868125916 -0.11891499161720276 0.97523772716522217 1.2305343151092529 0 1/00136.png

135 0.36625880002975464 0.92640936374664307 0.057839833199977875 0.065382257103919983 -0.23630797863006592 0.94958573579788208 1.264164924621582 0 1/00129.png

136 0.42597907781600952 0.90273600816726685 0.02445700392127037 0.054876454174518585 0.026700079441070557 1.1446921825408936 1.0190064907073975 0 1/00142.png

137 0.34986400604248047 0.93279218673706055 0.04705483466386795 0.072661891579627991 -0.17368690669536591 0.92332911491394043 1.2591748237609863 0 1/00134.png

138 0.38246655464172363 0.92087918519973755 0.04497741162776947 0.060645744204521179 -0.032154858112335205 1.0398647785186768 1.162763237953186 0 1/00139.png

139 0.35847216844558716 0.92982137203216553 0.047123465687036514 0.068624280393123627 -0.078121423721313477 0.964447021484375 1.2190722227096558 0 1/00137.png

140 0.35334178805351257 0.93140506744384766 0.044794034212827682 0.07501838356256485 -0.15426048636436462 0.93082690238952637 1.2514915466308594 0 1/00135.png

141 0.44679024815559387 0.89248555898666382 0.020540384575724602 0.058532599359750748 0.013497829437255859 1.1893723011016846 0.95579254627227783 0 1/00143.png

142 0.46150621771812439 0.88447088003158569 0.026517199352383614 0.063404574990272522 0.0019641518592834473 1.1985135078430176 0.8846820592880249 0 1/00145.png

143 0.3899071216583252 0.91883689165115356 0.032380182296037674 0.05160168930888176 0.019264161586761475 1.0569972991943359 1.132067084312439 0 1/00140.png

144 0.45387706160545349 0.88864165544509888 0.013117484748363495 0.064339116215705872 0.0046884119510650635 1.1948447227478027 0.91617095470428467 0 1/00144.png

145 0.449003666639328 0.89064925909042358 0.069199524819850922 0.018735634163022041 0.054667383432388306 1.1370096206665039 0.84250342845916748 0 1/00150.png

146 0.40248954296112061 0.91340774297714233 0.02445804700255394 0.055591564625501633 0.030990540981292725 1.0808637142181396 1.0843222141265869 0 1/00141.png

147 0.43816074728965759 0.89435046911239624 0.089954547584056854 -0.0077915010042488575 0.084098160266876221 1.1053707599639893 0.83661693334579468 0 1/00152.png

148 0.44873139262199402 0.89145922660827637 0.045092318207025528 0.043672077357769012 0.036874115467071533 1.1553839445114136 0.86974650621414185 0 1/00148.png

149 0.44980534911155701 0.89050924777984619 0.06042315810918808 0.031895406544208527 0.048766523599624634 1.1387693881988525 0.86519753932952881 0 1/00149.png

150 0.45646858215332031 0.88735741376876831 0.033714693039655685 0.055648051202297211 0.019722640514373779 1.1684277057647705 0.86958867311477661 0 1/00147.png

151 0.46410980820655823 0.88291305303573608 0.02397809736430645 0.067018918693065643 -0.0014343559741973877 1.1944873332977295 0.85892760753631592 0 1/00146.png

152 0.44338229298591614 0.89211744070053101 0.085644058883190155 0.014273711480200291 0.068093448877334595 1.135703444480896 0.83784961700439453 0 1/00151.png

153 0.44275030493736267 0.89241325855255127 0.086851924657821655 -0.0052484818734228611 0.092867732048034668 1.1183569431304932 0.79827702045440674 0 1/00154.png

154 0.45087087154388428 0.88946002721786499 0.073079958558082581 -0.015350758098065853 0.15353125333786011 1.1566686630249023 0.77309632301330566 0 1/00157.png

155 0.44493389129638672 0.88962471485137939 0.10286708921194077 -0.0044656009413301945 0.078134626150131226 1.130439281463623 0.79692107439041138 0 1/00153.png

156 0.43648344278335571 0.89644312858581543 0.076587505638599396 -0.0025373019743710756 0.11663353443145752 1.1204056739807129 0.80164438486099243 0 1/00156.png

157 0.43532770872116089 0.89728891849517822 0.073195770382881165 -0.0021932527888566256 0.11662924289703369 1.1083232164382935 0.81746619939804077 0 1/00155.png

158 0.45081508159637451 0.88958549499511719 0.064005948603153229 -0.036148115992546082 0.21127086877822876 1.1416541337966919 0.75945854187011719 0 1/00158.png

159 0.47279432415962219 0.87202435731887817 0.061650730669498444 -0.11062715202569962 0.35232353210449219 1.1789475679397583 0.69182354211807251 0 1/00159.png

160 0.47828781604766846 0.86388218402862549 0.068909876048564911 -0.14212608337402344 0.4131816029548645 1.1786963939666748 0.64931774139404297 0 1/00160.png

161 0.47363603115081787 0.86054718494415283 -0.042670011520385742 -0.18250106275081635 0.61987894773483276 1.0458428859710693 0.60068786144256592 0 1/00165.png

162 0.4782702624797821 0.85454255342483521 0.035895403474569321 -0.19931425154209137 0.5710570216178894 1.1230731010437012 0.58672553300857544 0 1/00163.png

163 0.48070421814918518 0.85763019323348999 0.065971449017524719 -0.17041598260402679 0.47272193431854248 1.1642196178436279 0.62867259979248047 0 1/00161.png

164 0.47258380055427551 0.86102265119552612 -0.016610272228717804 -0.18715925514698029 0.60156357288360596 1.0672233104705811 0.61298453807830811 0 1/00164.png

165 0.44592276215553284 0.86854749917984009 -0.14252182841300964 -0.16268265247344971 0.67204433679580688 0.92191630601882935 0.69342315196990967 0 1/00167.png

166 0.47766554355621338 0.85506069660186768 0.04924507811665535 -0.19565725326538086 0.53930622339248657 1.1388431787490845 0.5899617075920105 0 1/00162.png

167 0.46384513378143311 0.86410093307495117 -0.082240894436836243 -0.17723946273326874 0.64779692888259888 0.99643969535827637 0.63387101888656616 0 1/00166.png

168 0.43500739336013794 0.86683362722396851 -0.19096957147121429 -0.15132282674312592 0.68452697992324829 0.88229775428771973 0.71915209293365479 0 1/00168.png

169 0.39138039946556091 0.86383932828903198 -0.27909556031227112 -0.15069426596164703 0.72715967893600464 0.72915947437286377 0.78490734100341797 0 1/00169.png

170 0.37555819749832153 0.85372453927993774 -0.32771903276443481 -0.15070039033889771 0.75092202425003052 0.62708467245101929 0.80008178949356079 0 1/00171.png

171 0.36764237284660339 0.8535727858543396 -0.33363807201385498 -0.15791881084442139 0.77742773294448853 0.58168387413024902 0.81552118062973022 0 1/00172.png

172 0.38165116310119629 0.86018198728561401 -0.303975909948349 -0.14841829240322113 0.74476510286331177 0.67209941148757935 0.79787915945053101 0 1/00170.png

173 0.35570746660232544 0.85488802194595337 -0.34857016801834106 -0.14538779854774475 0.76696914434432983 0.565696120262146 0.85648727416992188 0 1/00174.png

174 0.34929332137107849 0.85824126005172729 -0.34970009326934814 -0.13829691708087921 0.77017909288406372 0.55433189868927002 0.86583113670349121 0 1/00175.png

175 0.35051849484443665 0.85797858238220215 -0.35158464312553406 -0.1319003701210022 0.79994446039199829 0.56179189682006836 0.87143033742904663 0 1/00177.png

176 0.36830094456672668 0.85268998146057129 -0.34192958474159241 -0.14268295466899872 0.76799219846725464 0.59864741563796997 0.82412123680114746 0 1/00173.png

177 0.34897774457931519 0.86024272441864014 -0.34806689620018005 -0.13056221604347229 0.78327494859695435 0.57148361206054688 0.86612784862518311 0 1/00176.png

178 0.34775781631469727 0.86075234413146973 -0.34824973344802856 -0.12996950745582581 0.81087332963943481 0.56212282180786133 0.88668686151504517 0 1/00178.png

179 0.33897614479064941 0.86293858289718628 -0.34936463832855225 -0.13555991649627686 0.84236949682235718 0.54571962356567383 0.89869028329849243 0 1/00179.png

180 0.33285459876060486 0.86394578218460083 -0.35062617063522339 -0.14094945788383484 0.85999733209609985 0.52013945579528809 0.90982681512832642 0 1/00180.png

181 0.32187575101852417 0.86410713195800781 -0.35922878980636597 -0.14376881718635559 0.92777866125106812 0.5005994439125061 0.91545641422271729 0 1/00182.png

182 0.3254723846912384 0.8619229793548584 -0.36032047867774963 -0.14603324234485626 0.93377524614334106 0.50567907094955444 0.92317062616348267 0 1/00183.png

183 0.32877776026725769 0.8620726466178894 -0.35843998193740845 -0.14232577383518219 0.90616017580032349 0.50090396404266357 0.91762697696685791 0 1/00181.png

184 0.32691842317581177 0.85246288776397705 -0.37437766790390015 -0.16208836436271667 1.034982442855835 0.46671384572982788 0.90545797348022461 0 1/00185.png

185 0.32688570022583008 0.85819548368453979 -0.36566221714019775 -0.15145133435726166 0.9792054295539856 0.49360606074333191 0.91281372308731079 0 1/00184.png

186 0.32873836159706116 0.84663283824920654 -0.38157179951667786 -0.17189203202724457 1.056225061416626 0.44549679756164551 0.9002724289894104 0 1/00186.png

187 0.32450568675994873 0.84616124629974365 -0.38287633657455444 -0.17920102179050446 1.0873250961303711 0.43105629086494446 0.89982408285140991 0 1/00187.png

188 0.32159984111785889 0.84176260232925415 -0.40877020359039307 -0.14462451636791229 1.0717158317565918 0.4587903618812561 0.91270661354064941 0 1/00191.png

189 0.3122679591178894 0.83720320463180542 -0.43209722638130188 -0.12194903194904327 1.0377025604248047 0.44678738713264465 0.9421924352645874 0 1/00194.png

190 0.32421800494194031 0.84479665756225586 -0.38722202181816101 -0.17680585384368896 1.1029129028320312 0.43505671620368958 0.8962322473526001 0 1/00188.png

191 0.32137903571128845 0.83956098556518555 -0.41651624441146851 -0.13552547991275787 1.0651099681854248 0.46757057309150696 0.91669923067092896 0 1/00192.png

192 0.30597236752510071 0.83409392833709717 -0.44589492678642273 -0.10883890092372894 1.0080819129943848 0.44032520055770874 0.94684827327728271 0 1/00196.png

193 0.30298814177513123 0.83426696062088013 -0.45113059878349304 -0.093156315386295319 0.99749189615249634 0.44113501906394958 0.96427857875823975 0 1/00198.png

194 0.3083835244178772 0.83364218473434448 -0.44325298070907593 -0.11604766547679901 1.0210227966308594 0.43454015254974365 0.94423764944076538 0 1/00195.png

195 0.32234454154968262 0.83595603704452515 -0.4261775016784668 -0.12507681548595428 1.0542120933532715 0.4719996452331543 0.92657244205474854 0 1/00193.png

196 0.32689419388771057 0.84142786264419556 -0.40189126133918762 -0.15369722247123718 1.0958263874053955 0.46551740169525146 0.89651972055435181 0 1/00190.png

197 0.30391201376914978 0.8342278003692627 -0.44830167293548584 -0.10357121378183365 1.0080258846282959 0.43977242708206177 0.9653172492980957 0 1/00197.png

198 0.33011242747306824 0.84113466739654541 -0.39714577794075012 -0.16060368716716766 1.0871813297271729 0.45919090509414673 0.89685839414596558 0 1/00189.png

199 0.30710431933403015 0.8321109414100647 -0.45366427302360535 -0.086411669850349426 0.981853187084198 0.45914125442504883 0.97051715850830078 0 1/00199.png

200 0.29752600193023682 0.83725196123123169 -0.45154425501823425 -0.081211596727371216 0.99047857522964478 0.46078544855117798 0.97794651985168457 0 1/00202.png

201 0.30250278115272522 0.83562493324279785 -0.45062077045440674 -0.084640137851238251 0.99223572015762329 0.46445122361183167 0.96566236019134521 0 1/00200.png

202 0.30246207118034363 0.83409392833709717 -0.45386844873428345 -0.082507878541946411 0.98416489362716675 0.44965583086013794 0.98785549402236938 0 1/00201.png

203 0.29459205269813538 0.84120815992355347 -0.44763997197151184 -0.072130307555198669 0.98497778177261353 0.46827274560928345 0.98788470029830933 0 1/00204.png

204 0.2990189790725708 0.83746588230133057 -0.45137679576873779 -0.074145808815956116 0.99097949266433716 0.47645092010498047 0.97797989845275879 0 1/00203.png

205 0.28482693433761597 0.84772378206253052 -0.44305580854415894 -0.062764972448348999 0.97260338068008423 0.49420046806335449 0.995322585105896 0 1/00206.png

206 0.28769573569297791 0.84504783153533936 -0.44529539346694946 -0.06955023854970932 0.98217040300369263 0.47810220718383789 0.99169361591339111 0 1/00205.png

207 0.27625954151153564 0.85111391544342041 -0.44166374206542969 -0.064952947199344635 0.9840126633644104 0.47269439697265625 1.005900502204895 0 1/00207.png

208 0.28574898838996887 0.84511649608612061 -0.44874054193496704 -0.052511129528284073 1.0056748390197754 0.51299846172332764 0.98616528511047363 0 1/00209.png

209 0.27987593412399292 0.84866100549697876 -0.4450104832649231 -0.0583915114402771 0.98728591203689575 0.49167019128799438 0.99406731128692627 0 1/00208.png

210 0.27923351526260376 0.84721267223358154 -0.44844380021095276 -0.056191008538007736 1.0161080360412598 0.50351548194885254 0.98240363597869873 0 1/00210.png

211 0.29045417904853821 0.84889376163482666 -0.43893977999687195 -0.048452034592628479 1.0476033687591553 0.57292228937149048 0.96191900968551636 0 1/00213.png

212 0.28287753462791443 0.84978920221328735 -0.44138255715370178 -0.054954901337623596 1.0256774425506592 0.53636735677719116 0.97888725996017456 0 1/00211.png

213 0.29317325353622437 0.84595733880996704 -0.44310599565505981 -0.045416031032800674 1.0366907119750977 0.57308274507522583 0.94487130641937256 0 1/00214.png

214 0.28731808066368103 0.84941571950912476 -0.43992865085601807 -0.049031127244234085 1.0320625305175781 0.55588746070861816 0.97061705589294434 0 1/00212.png

215 0.29722180962562561 0.84892386198043823 -0.43478375673294067 -0.044165391474962234 1.047133207321167 0.59822732210159302 0.9371035099029541 0 1/00215.png

216 0.29060757160186768 0.85928583145141602 -0.41989368200302124 -0.029399862512946129 1.0282938480377197 0.65271991491317749 0.9170113205909729 0 1/00219.png

217 0.29534342885017395 0.85930317640304565 -0.41747310757637024 -0.0092999646440148354 0.98206359148025513 0.6896674633026123 0.89683389663696289 0 1/00225.png

218 0.28866800665855408 0.85887062549591064 -0.42223313450813293 -0.027043385431170464 1.0144364833831787 0.65212047100067139 0.92390209436416626 0 1/00222.png

219 0.29521343111991882 0.85666030645370483 -0.42263996601104736 -0.018909353762865067 1.0106678009033203 0.67563915252685547 0.90463876724243164 0 1/00223.png

220 0.28608432412147522 0.85931646823883057 -0.4230581521987915 -0.027436703443527222 1.0159773826599121 0.64080536365509033 0.91971021890640259 0 1/00221.png

221 0.29294010996818542 0.85742300748825073 -0.42201718688011169 -0.030221864581108093 1.0163261890411377 0.64722692966461182 0.92238801717758179 0 1/00220.png

222 0.30120190978050232 0.84948509931564331 -0.43156653642654419 -0.037454225122928619 1.0392887592315674 0.62249308824539185 0.92463910579681396 0 1/00216.png

223 0.29476913809776306 0.85963362455368042 -0.41687950491905212 -0.018779195845127106 0.99991911649703979 0.68323242664337158 0.90667372941970825 0 1/00224.png

224 0.28579023480415344 0.85516959428787231 -0.43243160843849182 -0.0034388371277600527 0.92230921983718872 0.64641034603118896 0.92777496576309204 0 1/00231.png

225 0.29734903573989868 0.85439199209213257 -0.42512744665145874 -0.029403004795312881 1.0256223678588867 0.64633756875991821 0.92426371574401855 0 1/00218.png

226 0.3014320433139801 0.85287898778915405 -0.42479756474494934 -0.035820748656988144 1.0387086868286133 0.63931739330291748 0.92245447635650635 0 1/00217.png

227 0.2973196804523468 0.85929661989212036 -0.41618019342422485 0.0021076479461044073 0.94384807348251343 0.71356791257858276 0.90103024244308472 0 1/00227.png

228 0.29441255331039429 0.85442823171615601 -0.42810457944869995 -0.00043102767085656524 0.92486292123794556 0.66452938318252563 0.91793406009674072 0 1/00230.png

229 0.29947289824485779 0.85754698514938354 -0.41824230551719666 -0.0015516253188252449 0.93573135137557983 0.7001153826713562 0.91016048192977905 0 1/00228.png

230 0.29409995675086975 0.85636144876480103 -0.42443421483039856 -0.0024499280843883753 0.93486779928207397 0.67613106966018677 0.91330087184906006 0 1/00229.png

231 0.29864934086799622 0.85897397994995117 -0.41589516401290894 -0.0019039977341890335 0.96219581365585327 0.69981300830841064 0.89989060163497925 0 1/00226.png

232 0.27449172735214233 0.84102934598922729 -0.46589115262031555 -0.016412205994129181 0.87803643941879272 0.52294975519180298 0.95194160938262939 0 1/00235.png

233 0.28255093097686768 0.849620521068573 -0.4453112781047821 -0.002801976865157485 0.89183527231216431 0.60195809602737427 0.93007272481918335 0 1/00233.png

234 0.29547432065010071 0.84779900312423706 -0.44036775827407837 0.0028326564934104681 0.9011111855506897 0.63844782114028931 0.92409664392471313 0 1/00232.png

235 0.28066599369049072 0.84391814470291138 -0.45717489719390869 -0.0044558788649737835 0.87426489591598511 0.55815315246582031 0.94550049304962158 0 1/00234.png

236 0.25670209527015686 0.84112107753753662 -0.47594547271728516 -0.0097604496404528618 0.81919330358505249 0.46762937307357788 0.97417819499969482 0 1/00237.png

237 0.23183807730674744 0.83781713247299194 -0.49307289719581604 -0.034533936530351639 0.83118265867233276 0.36031287908554077 0.99904745817184448 0 1/00239.png

238 0.27139213681221008 0.84056049585342407 -0.46871030330657959 -0.010725839994847775 0.84561115503311157 0.51321583986282349 0.94543087482452393 0 1/00236.png

239 0.22326651215553284 0.83290576934814453 -0.50439697504043579 -0.044763009995222092 0.83528858423233032 0.31369686126708984 1.0018813610076904 0 1/00240.png

240 0.2494453638792038 0.83760958909988403 -0.48554256558418274 -0.0208694227039814 0.81382566690444946 0.41847681999206543 0.98482728004455566 0 1/00238.png

241 0.21727502346038818 0.82808023691177368 -0.51398777961730957 -0.053770195692777634 0.83190196752548218 0.27061206102371216 1.0103650093078613 0 1/00241.png

242 0.21231479942798615 0.82659584283828735 -0.51807934045791626 -0.057057321071624756 0.83209425210952759 0.25156554579734802 1.0089633464813232 0 1/00242.png

243 0.18669302761554718 0.83374369144439697 -0.51513320207595825 -0.068227112293243408 0.80060881376266479 0.19119095802307129 1.0279088020324707 0 1/00245.png

244 0.16819395124912262 0.84643024206161499 -0.50008606910705566 -0.071975588798522949 0.78464311361312866 0.16747584939002991 1.0430850982666016 0 1/00247.png

245 0.20836290717124939 0.82774049043655396 -0.51775646209716797 -0.057956155389547348 0.8189125657081604 0.24185603857040405 1.0146217346191406 0 1/00243.png

246 0.19376684725284576 0.83089333772659302 -0.51766818761825562 -0.063956230878829956 0.80413764715194702 0.20162805914878845 1.03368079662323 0 1/00244.png

247 0.17155709862709045 0.84037613868713379 -0.50881421566009521 -0.073784857988357544 0.7965511679649353 0.15521582961082458 1.0436499118804932 0 1/00246.png

248 0.14186668395996094 0.85539335012435913 -0.49077707529067993 -0.085521027445793152 0.76536315679550171 0.10408967733383179 1.0624825954437256 0 1/00249.png

249 0.12631285190582275 0.86292469501495361 -0.47976219654083252 -0.096094593405723572 0.77909570932388306 0.073180913925170898 1.0749039649963379 0 1/00250.png

250 0.09687100350856781 0.87097793817520142 -0.46858751773834229 -0.11153156310319901 0.78903692960739136 -0.0010994076728820801 1.092854380607605 0 1/00252.png

251 0.15405754745006561 0.85119485855102539 -0.49563479423522949 -0.077973105013370514 0.77366739511489868 0.13215881586074829 1.0488901138305664 0 1/00248.png

252 0.09257623553276062 0.87562602758407593 -0.45848682522773743 -0.12040943652391434 0.79740887880325317 -0.018208682537078857 1.1066392660140991 0 1/00253.png

253 0.11305446177721024 0.86624747514724731 -0.47467723488807678 -0.10731015354394913 0.78363639116287231 0.025032341480255127 1.0792944431304932 0 1/00251.png

254 0.088720619678497314 0.88482046127319336 -0.43969535827636719 -0.12605340778827667 0.79950648546218872 -0.018413186073303223 1.1068336963653564 0 1/00255.png

255 0.086442731320858002 0.87977272272109985 -0.45066344738006592 -0.12421747297048569 0.80725795030593872 -0.032636284828186035 1.101351261138916 0 1/00254.png

256 0.091902829706668854 0.89426171779632568 -0.42068460583686829 -0.12196065485477448 0.80283278226852417 -0.002197265625 1.1273660659790039 0 1/00257.png

257 0.088949695229530334 0.89134019613265991 -0.42625996470451355 -0.12610700726509094 0.80313342809677124 -0.013862669467926025 1.121107816696167 0 1/00256.png

258 0.093582980334758759 0.90530300140380859 -0.39347535371780396 -0.12979124486446381 0.8121141791343689 0.016107678413391113 1.1269339323043823 0 1/00259.png

259 0.09635663777589798 0.89810997247695923 -0.4108690619468689 -0.12369533628225327 0.80672818422317505 0.0051671862602233887 1.1177098751068115 0 1/00258.png

260 0.091382592916488647 0.91600179672241211 -0.36421182751655579 -0.14120782911777496 0.81989699602127075 0.014933645725250244 1.1453502178192139 0 1/00262.png

261 0.094915039837360382 0.90792465209960938 -0.38766825199127197 -0.12797324359416962 0.81595820188522339 0.018081247806549072 1.1254066228866577 0 1/00260.png

262 0.093598835170269012 0.91739749908447266 -0.36149922013282776 -0.13762010633945465 0.80205529928207397 0.0036939382553100586 1.1474622488021851 0 1/00264.png

263 0.085889972746372223 0.91911709308624268 -0.35919481515884399 -0.13720698654651642 0.81500035524368286 -0.0042741894721984863 1.1534035205841064 0 1/00263.png

264 0.098036028444766998 0.90968811511993408 -0.38190740346908569 -0.13039648532867432 0.82316058874130249 0.01617896556854248 1.1283854246139526 0 1/00261.png

265 0.091140724718570709 0.92001038789749146 -0.3547816276550293 -0.13929936289787292 0.79332870244979858 -0.0020707845687866211 1.1575765609741211 0 1/00265.png

266 0.097387887537479401 0.92034304141998291 -0.35015946626663208 -0.14447377622127533 0.79601746797561646 0.0028542280197143555 1.1607820987701416 0 1/00266.png

267 0.10653452575206757 0.92164403200149536 -0.34466737508773804 -0.14292334020137787 0.78906446695327759 0.032754182815551758 1.1520792245864868 0 1/00267.png

268 0.11381848156452179 0.9254106879234314 -0.33174711465835571 -0.14354202151298523 0.79426175355911255 0.058735549449920654 1.1584526300430298 0 1/00269.png

269 0.1334184855222702 0.93337607383728027 -0.30059817433357239 -0.14369852840900421 0.77485042810440063 0.13045483827590942 1.1756378412246704 0 1/00272.png

270 0.12459869682788849 0.93257153034210205 -0.30543512105941772 -0.14661143720149994 0.77547019720077515 0.10858660936355591 1.1759459972381592 0 1/00271.png

271 0.11102298647165298 0.924468994140625 -0.33648073673248291 -0.14075362682342529 0.79560774564743042 0.058879494667053223 1.1663864850997925 0 1/00268.png

272 0.12050211429595947 0.92919003963470459 -0.31778863072395325 -0.14524285495281219 0.77737194299697876 0.084228038787841797 1.174341082572937 0 1/00270.png

273 0.14393466711044312 0.93745672702789307 -0.28558769822120667 -0.13746750354766846 0.72706431150436401 0.16331019997596741 1.1891244649887085 0 1/00275.png

274 0.13151821494102478 0.93534237146377563 -0.29457375407218933 -0.14513379335403442 0.75759702920913696 0.11568367481231689 1.1927931308746338 0 1/00273.png

275 0.13383002579212189 0.93777447938919067 -0.28680101037025452 -0.14287653565406799 0.74264806509017944 0.14044469594955444 1.1930716037750244 0 1/00274.png

276 0.15866902470588684 0.94017201662063599 -0.26429256796836853 -0.14508695900440216 0.70123285055160522 0.21164163947105408 1.1908820867538452 0 1/00280.png

277 0.15813615918159485 0.94031733274459839 -0.26587080955505371 -0.14180631935596466 0.68276196718215942 0.21318772435188293 1.191415548324585 0 1/00281.png

278 0.15617093443870544 0.93913447856903076 -0.26991739869117737 -0.14415846765041351 0.71231168508529663 0.1989116370677948 1.1959556341171265 0 1/00278.png

279 0.16156978905200958 0.94234263896942139 -0.25769150257110596 -0.13957314193248749 0.65547305345535278 0.22238624095916748 1.1930803060531616 0 1/00282.png

280 0.17839276790618896 0.94200730323791504 -0.25472459197044373 -0.12614956498146057 0.58815962076187134 0.27154245972633362 1.2103883028030396 0 1/00286.png

281 0.14362740516662598 0.93887358903884888 -0.27998208999633789 -0.13963373005390167 0.72064107656478882 0.16983586549758911 1.1961725950241089 0 1/00276.png

282 0.15952190756797791 0.94045305252075195 -0.26564732193946838 -0.13975793123245239 0.70774167776107788 0.21137523651123047 1.1910374164581299 0 1/00279.png

283 0.16290181875228882 0.94363486766815186 -0.25670900940895081 -0.1308307945728302 0.62641829252243042 0.23889479041099548 1.1983082294464111 0 1/00283.png

284 0.1460583508014679 0.94098794460296631 -0.27163243293762207 -0.1393720954656601 0.71833831071853638 0.17076504230499268 1.2046729326248169 0 1/00277.png

285 0.16942870616912842 0.94113868474960327 -0.26157563924789429 -0.13088227808475494 0.60937559604644775 0.23898237943649292 1.1961699724197388 0 1/00284.png

286 0.19213813543319702 0.94434738159179688 -0.24352626502513885 -0.10948003083467484 0.52592861652374268 0.32842135429382324 1.2137755155563354 0 1/00289.png

287 0.18824924528598785 0.94109427928924561 -0.25311717391014099 -0.12180068343877792 0.57237601280212402 0.30678930878639221 1.190340518951416 0 1/00287.png

288 0.16696450114250183 0.94477438926696777 -0.25046351552009583 -0.12958498299121857 0.60290777683258057 0.2520352303981781 1.2092298269271851 0 1/00285.png

289 0.19031535089015961 0.94161933660507202 -0.25136750936508179 -0.11809936165809631 0.55033808946609497 0.31782692670822144 1.2038836479187012 0 1/00288.png

290 0.20502373576164246 0.94283246994018555 -0.2430139034986496 -0.099882818758487701 0.49694466590881348 0.3836311399936676 1.2088276147842407 0 1/00290.png

291 0.22322832047939301 0.95061933994293213 -0.20758235454559326 -0.058324262499809265 0.3935738205909729 0.48228910565376282 1.2248935699462891 0 1/00293.png

292 0.25827386975288391 0.94897276163101196 -0.17996014654636383 -0.018966399133205414 0.30510926246643066 0.61925840377807617 1.2438830137252808 0 1/00297.png

293 0.21476447582244873 0.9485047459602356 -0.22176821529865265 -0.070950627326965332 0.42258733510971069 0.45071732997894287 1.2155189514160156 0 1/00292.png

294 0.23693570494651794 0.9496428370475769 -0.20045439898967743 -0.043104164302349091 0.35115474462509155 0.52330970764160156 1.2212392091751099 0 1/00294.png

295 0.24348753690719604 0.94974792003631592 -0.19299983978271484 -0.037996605038642883 0.33571028709411621 0.55907535552978516 1.2367129325866699 0 1/00295.png

296 0.27891126275062561 0.94781213998794556 -0.15442772209644318 0.0035724537447094917 0.22453391551971436 0.68842458724975586 1.2701470851898193 0 1/00300.png

297 0.25539675354957581 0.95221072435379028 -0.16656585037708282 -0.0179718267172575 0.29149901866912842 0.62277138233184814 1.2715713977813721 0 1/00298.png

298 0.21152420341968536 0.94571840763092041 -0.23216921091079712 -0.083496518433094025 0.45389854907989502 0.41762739419937134 1.217273473739624 0 1/00291.png

299 0.27082538604736328 0.94922250509262085 -0.16000835597515106 -0.0052451975643634796 0.259654700756073 0.66392910480499268 1.2646373510360718 0 1/00299.png

300 0.25197258591651917 0.94847697019577026 -0.18962077796459198 -0.030745513737201691 0.32518273591995239 0.57817435264587402 1.2464687824249268 0 1/00296.png

301 0.29552057385444641 0.94469988346099854 -0.14194892346858978 0.00776241859421134 0.23046672344207764 0.7398868203163147 1.2859938144683838 0 1/00302.png

302 0.31649240851402283 0.93927681446075439 -0.13227894902229309 0.0096861831843852997 0.24101775884628296 0.8019561767578125 1.289560079574585 0 1/00303.png

303 0.34614378213882446 0.93506413698196411 -0.075167030096054077 -0.013764923438429832 0.31884264945983887 0.91197890043258667 1.3438764810562134 0 1/00309.png

304 0.28735753893852234 0.94696420431137085 -0.14358283579349518 0.008265908807516098 0.22581744194030762 0.72238552570343018 1.287771463394165 0 1/00301.png

305 0.32734745740890503 0.93725794553756714 -0.11956141144037247 -0.0098111312836408615 0.29265105724334717 0.83821725845336914 1.3147631883621216 0 1/00305.png

306 0.31741341948509216 0.94024187326431274 -0.12312154471874237 0.0059191365726292133 0.26161348819732666 0.81988543272018433 1.2981774806976318 0 1/00304.png

307 0.34800201654434204 0.93532073497772217 -0.062990829348564148 -0.010090658441185951 0.29582345485687256 0.92306125164031982 1.3607672452926636 0 1/00310.png

308 0.33232006430625916 0.93732696771621704 -0.10357432812452316 -0.015936808660626411 0.31925463676452637 0.85071313381195068 1.3242933750152588 0 1/00306.png

309 0.33469417691230774 0.93758702278137207 -0.092751175165176392 -0.017538076266646385 0.3350379467010498 0.86117196083068848 1.3461848497390747 0 1/00307.png

310 0.33923599123954773 0.93649572134017944 -0.085315361618995667 -0.024819504469633102 0.34439301490783691 0.88032972812652588 1.3529587984085083 0 1/00308.png

311 0.36285829544067383 0.93069279193878174 -0.045743051916360855 0.007237900048494339 0.26120638847351074 0.99169832468032837 1.3637678623199463 0 1/00312.png

312 0.35441988706588745 0.93314957618713379 -0.060152299702167511 -0.00042306209797970951 0.27439403533935547 0.95318174362182617 1.3575793504714966 0 1/00311.png

313 0.36091294884681702 0.93182832002639771 -0.036414038389921188 0.01057435292750597 0.22457587718963623 0.98821032047271729 1.3675860166549683 0 1/00313.png

314 0.36290785670280457 0.93134135007858276 -0.025952694937586784 0.015086744911968708 0.19791626930236816 0.98379147052764893 1.3868235349655151 0 1/00314.png

315 0.36638173460960388 0.92964667081832886 -0.017066637054085732 0.035074993968009949 0.14561516046524048 1.0324399471282959 1.3776320219039917 0 1/00315.png

316 0.3806648850440979 0.92333722114562988 -0.012286958284676075 0.048903457820415497 0.086273282766342163 1.0745905637741089 1.3574943542480469 0 1/00316.png

317 0.38955312967300415 0.91848689317703247 -0.0066209272481501102 0.067723102867603302 0.01808050274848938 1.1176224946975708 1.338983416557312 0 1/00317.png

318 0.43072539567947388 0.89664262533187866 0.029626194387674332 0.09813179075717926 -0.11162683367729187 1.2432973384857178 1.2587881088256836 0 1/00319.png

319 0.41117474436759949 0.90760177373886108 0.013167306780815125 0.08379170298576355 -0.05917823314666748 1.193337082862854 1.2966325283050537 0 1/00318.png

320 0.44587224721908569 0.88632869720458984 0.069416902959346771 0.10392702370882034 -0.18654829263687134 1.3090976476669312 1.2203701734542847 0 1/00321.png

321 0.43481278419494629 0.89327919483184814 0.045777685940265656 0.10437747091054916 -0.14879024028778076 1.2717974185943604 1.2305713891983032 0 1/00320.png

322 0.4545711874961853 0.87930458784103394 0.10710359364748001 0.093366347253322601 -0.1841217428445816 1.3509751558303833 1.2064777612686157 0 1/00323.png

323 0.44202664494514465 0.87757080793380737 0.15949235856533051 0.095100119709968567 -0.22975949943065643 1.3319809436798096 1.2049655914306641 0 1/00325.png

324 0.45168870687484741 0.88227415084838867 0.085671037435531616 0.10114374756813049 -0.18735702335834503 1.3421082496643066 1.204159140586853 0 1/00322.png

325 0.44029071927070618 0.85366237163543701 0.2554282546043396 0.11027730256319046 -0.42254844307899475 1.2543184757232666 1.1478860378265381 0 1/00330.png

326 0.45075684785842896 0.86509579420089722 0.19538131356239319 0.10126064717769623 -0.31604421138763428 1.3532562255859375 1.159969687461853 0 1/00327.png

327 0.44691982865333557 0.87916374206542969 0.13707222044467926 0.092438548803329468 -0.20715409517288208 1.3372883796691895 1.2146461009979248 0 1/00324.png

328 0.4229024350643158 0.85822409391403198 0.26992002129554749 0.10838840901851654 -0.4247015118598938 1.1904675960540771 1.1874454021453857 0 1/00331.png

329 0.45751595497131348 0.85642015933990479 0.21339966356754303 0.10809384286403656 -0.37532448768615723 1.3321771621704102 1.1419253349304199 0 1/00328.png

330 0.44738960266113281 0.87187892198562622 0.17522859573364258 0.094681903719902039 -0.26879283785820007 1.3348766565322876 1.19670569896698 0 1/00326.png

331 0.4574475884437561 0.85131663084030151 0.23310351371765137 0.1080019399523735 -0.39662072062492371 1.322728157043457 1.1134351491928101 0 1/00329.png

332 0.40325778722763062 0.8635292649269104 0.28256472945213318 0.10889281332492828 -0.41697987914085388 1.128679633140564 1.2179481983184814 0 1/00332.png

333 0.36578354239463806 0.87534236907958984 0.29718184471130371 0.10798665881156921 -0.39584454894065857 0.97082763910293579 1.2576907873153687 0 1/00335.png

334 0.37480950355529785 0.86957293748855591 0.30287706851959229 0.1078251376748085 -0.41517940163612366 1.0149362087249756 1.2456029653549194 0 1/00334.png

335 0.34629654884338379 0.89096206426620483 0.28539931774139404 0.069372504949569702 -0.27679097652435303 0.91591101884841919 1.2822957038879395 0 1/00338.png

336 0.38889074325561523 0.86621373891830444 0.2944454550743103 0.10834982246160507 -0.41286018490791321 1.0541868209838867 1.2307710647583008 0 1/00333.png

337 0.3600010871887207 0.88106971979141235 0.29288947582244873 0.09127490222454071 -0.35126233100891113 0.94538629055023193 1.2745347023010254 0 1/00336.png

338 0.34687086939811707 0.89315503835678101 0.28265911340713501 0.045371793210506439 -0.23285780847072601 0.91483068466186523 1.2827111482620239 0 1/00339.png

339 0.34869617223739624 0.88731479644775391 0.29004529118537903 0.083409629762172699 -0.32268369197845459 0.92399764060974121 1.2837151288986206 0 1/00337.png

340 0.34439951181411743 0.8951229453086853 0.28191202878952026 0.025876522064208984 -0.20069888234138489 0.91666710376739502 1.289214015007019 0 1/00340.png

341 0.34497562050819397 0.89974462985992432 0.26551121473312378 -0.030906675383448601 -0.12240836024284363 0.91524338722229004 1.2975587844848633 0 1/00343.png

342 0.35160836577415466 0.89744526147842407 0.25897786021232605 -0.062402613461017609 -0.11060154438018799 0.93128633499145508 1.2988096475601196 0 1/00345.png

343 0.34104692935943604 0.90236824750900269 0.26278546452522278 -0.019032157957553864 -0.13711822032928467 0.90459781885147095 1.3048263788223267 0 1/00342.png

344 0.35069641470909119 0.89647436141967773 0.27080827951431274 0.002915350254625082 -0.16659614443778992 0.92891585826873779 1.2856028079986572 0 1/00341.png

345 0.34766378998756409 0.89794433116912842 0.26636737585067749 -0.04329211637377739 -0.10889139771461487 0.91842484474182129 1.2999848127365112 0 1/00344.png

346 0.36617234349250793 0.88967627286911011 0.24570789933204651 -0.11841333657503128 -0.051096171140670776 0.93564975261688232 1.3143726587295532 0 1/00348.png

347 0.35458859801292419 0.89539510011672974 0.25837001204490662 -0.076022878289222717 -0.089070141315460205 0.91822552680969238 1.3054579496383667 0 1/00346.png

348 0.35661303997039795 0.89463472366333008 0.25162115693092346 -0.095617383718490601 -0.067929536104202271 0.93588036298751831 1.3223804235458374 0 1/00347.png

349 0.370401531457901 0.88874959945678711 0.23882555961608887 -0.12605209648609161 -0.038733601570129395 0.958487868309021 1.3062503337860107 0 1/00349.png

350 0.37796676158905029 0.88419938087463379 0.22421199083328247 -0.15830840170383453 -0.030478984117507935 0.96345120668411255 1.296488881111145 0 1/00351.png

351 0.40043896436691284 0.87202209234237671 0.21411044895648956 -0.1827097088098526 -0.067390501499176025 0.97394341230392456 1.2832683324813843 0 1/00354.png

352 0.3742738664150238 0.8867068886756897 0.22698558866977692 -0.14882063865661621 -0.037544816732406616 0.95270812511444092 1.2981622219085693 0 1/00350.png

353 0.38910835981369019 0.87771016359329224 0.21974359452724457 -0.17300951480865479 -0.02973511815071106 0.97482007741928101 1.2897881269454956 0 1/00352.png

354 0.42606931924819946 0.86524349451065063 0.19891400635242462 -0.17393030226230621 -0.14681468904018402 0.98447960615158081 1.2505077123641968 0 1/00356.png

355 0.39828014373779297 0.87300151586532593 0.21270002424716949 -0.18439078330993652 -0.043120294809341431 0.98418319225311279 1.2707884311676025 0 1/00353.png

356 0.41148564219474792 0.86859315633773804 0.20843075215816498 -0.18105803430080414 -0.10207635164260864 0.97516918182373047 1.2725567817687988 0 1/00355.png

357 0.4332115650177002 0.8612591028213501 0.20137584209442139 -0.17322933673858643 -0.18892399966716766 0.97401881217956543 1.2419438362121582 0 1/00357.png

358 0.4316362738609314 0.85887259244918823 0.20501120388507843 -0.18438614904880524 -0.23028193414211273 0.89779353141784668 1.2690879106521606 0 1/00360.png

359 0.43942472338676453 0.85770487785339355 0.20043109357357025 -0.17628283798694611 -0.21104703843593597 0.97111707925796509 1.2336077690124512 0 1/00358.png

360 0.41829988360404968 0.86434108018875122 0.20359517633914948 -0.19102011620998383 -0.21168102324008942 0.83950352668762207 1.3190946578979492 0 1/00362.png

361 0.42969563603401184 0.86261957883834839 0.20406085252761841 -0.17207050323486328 -0.22186264395713806 0.93235808610916138 1.2593991756439209 0 1/00359.png

362 0.42326486110687256 0.86265993118286133 0.20575208961963654 -0.18528550863265991 -0.22967307269573212 0.86409318447113037 1.2963370084762573 0 1/00361.png

363 0.41176700592041016 0.86292904615402222 0.21157044172286987 -0.20258153975009918 -0.201192706823349 0.80563360452651978 1.3636748790740967 0 1/00363.png

364 0.40198144316673279 0.86771494150161743 0.23839956521987915 -0.16925537586212158 -0.33027324080467224 0.69484108686447144 1.4343887567520142 0 1/00367.png

365 0.3946678638458252 0.86766862869262695 0.22571121156215668 -0.20110408961772919 -0.21068160235881805 0.73417627811431885 1.4284025430679321 0 1/00365.png

366 0.39692115783691406 0.86669719219207764 0.22336797416210175 -0.20346073806285858 -0.19879516959190369 0.75142836570739746 1.4115440845489502 0 1/00364.png

367 0.40012168884277344 0.86368227005004883 0.26493784785270691 -0.15415382385253906 -0.40533122420310974 0.60962700843811035 1.526591420173645 0 1/00372.png

368 0.40443217754364014 0.86792987585067749 0.24072214961051941 -0.15869806706905365 -0.35862675309181213 0.65621548891067505 1.4672250747680664 0 1/00368.png

369 0.40334776043891907 0.86627340316772461 0.24996186792850494 -0.15620517730712891 -0.38610425591468811 0.65448987483978271 1.4623011350631714 0 1/00369.png

370 0.39955276250839233 0.86410951614379883 0.26450121402740479 -0.15398526191711426 -0.42392820119857788 0.59866499900817871 1.5465315580368042 0 1/00373.png

371 0.40864595770835876 0.86368554830551147 0.24981796741485596 -0.15699321031570435 -0.38569211959838867 0.66203081607818604 1.4882683753967285 0 1/00370.png

372 0.40184885263442993 0.86600190401077271 0.23547890782356262 -0.18195615708827972 -0.27302053570747375 0.71375620365142822 1.4379709959030151 0 1/00366.png

373 0.40246334671974182 0.86270612478256226 0.26135468482971191 -0.15954679250717163 -0.39256060123443604 0.63610053062438965 1.4979269504547119 0 1/00371.png

374 0.38103112578392029 0.87338203191757202 0.27082875370979309 -0.13664160668849945 -0.50067883729934692 0.49992787837982178 1.576901912689209 0 1/00376.png

375 0.39681354165077209 0.86522966623306274 0.26835033297538757 -0.14800253510475159 -0.45750135183334351 0.57056677341461182 1.5435600280761719 0 1/00374.png

376 0.39211496710777283 0.8684927225112915 0.27474415302276611 -0.12838144600391388 -0.53755253553390503 0.50968420505523682 1.5682829618453979 0 1/00377.png

377 0.38650131225585938 0.86289232969284058 0.29951289296150208 -0.12777137756347656 -0.57404351234436035 0.43013286590576172 1.5979599952697754 0 1/00379.png

378 0.37994292378425598 0.87258249521255493 0.2717023491859436 -0.14290188252925873 -0.47646534442901611 0.51590323448181152 1.5699981451034546 0 1/00375.png

379 0.38956791162490845 0.8571276068687439 0.31386944651603699 -0.12269917875528336 -0.61258000135421753 0.41493093967437744 1.6046168804168701 0 1/00381.png

380 0.38217782974243164 0.86823183298110962 0.28940349817276001 -0.12790291011333466 -0.56369578838348389 0.46284240484237671 1.5805114507675171 0 1/00378.png

381 0.38455450534820557 0.85783010721206665 0.31732365489006042 -0.12470372766256332 -0.61175614595413208 0.39688903093338013 1.6367428302764893 0 1/00383.png

382 0.38786613941192627 0.8634941577911377 0.29969587922096252 -0.11882796138525009 -0.60717785358428955 0.4196929931640625 1.5975334644317627 0 1/00380.png

383 0.38688245415687561 0.85159522294998169 0.32432621717453003 -0.14113873243331909 -0.57320195436477661 0.40732622146606445 1.666770339012146 0 1/00384.png

384 0.38317513465881348 0.84579759836196899 0.33502653241157532 -0.15987648069858551 -0.53293299674987793 0.40888786315917969 1.7136688232421875 0 1/00386.png

385 0.38794049620628357 0.85793328285217285 0.31480693817138672 -0.11978792399168015 -0.61743843555450439 0.39943581819534302 1.622839093208313 0 1/00382.png

386 0.38082420825958252 0.85009324550628662 0.33055317401885986 -0.15181903541088104 -0.55374085903167725 0.39903327822685242 1.6934655904769897 0 1/00385.png

387 0.38230937719345093 0.82544094324111938 0.38150069117546082 -0.16414636373519897 -0.55930805206298828 0.32280892133712769 1.785453200340271 0 1/00393.png

388 0.37967079877853394 0.83538585901260376 0.36503398418426514 -0.1572602391242981 -0.5623704195022583 0.33294561505317688 1.7612068653106689 0 1/00391.png

389 0.38572052121162415 0.83088654279708862 0.3689933717250824 -0.15713411569595337 -0.56842309236526489 0.3371768593788147 1.7591906785964966 0 1/00392.png

390 0.37933403253555298 0.83876675367355347 0.35772374272346497 -0.15687520802021027 -0.55604040622711182 0.34608516097068787 1.7442939281463623 0 1/00390.png

391 0.38073259592056274 0.84328174591064453 0.34283053874969482 -0.16243688762187958 -0.53629803657531738 0.38607436418533325 1.7351360321044922 0 1/00388.png

392 0.38062262535095215 0.8436095118522644 0.3418792188167572 -0.1629967987537384 -0.53522050380706787 0.39640069007873535 1.7238447666168213 0 1/00387.png

393 0.37912893295288086 0.84361785650253296 0.34569686651229858 -0.15831555426120758 -0.54547238349914551 0.36985331773757935 1.7381477355957031 0 1/00389.png

394 0.3796410858631134 0.80934727191925049 0.41459557414054871 -0.17011797428131104 -0.52822422981262207 0.27071288228034973 1.8472411632537842 0 1/00398.png

395 0.38776436448097229 0.81362807750701904 0.40223115682601929 -0.16080501675605774 -0.55289316177368164 0.29051339626312256 1.8151373863220215 0 1/00396.png

396 0.38432824611663818 0.82238489389419556 0.38645792007446289 -0.16317231953144073 -0.54903268814086914 0.31497624516487122 1.7860662937164307 0 1/00394.png

397 0.38548415899276733 0.81991392374038696 0.39231503009796143 -0.15884587168693542 -0.55930423736572266 0.29716107249259949 1.803654670715332 0 1/00395.png

398 0.37406739592552185 0.80338084697723389 0.42785567045211792 -0.17774227261543274 -0.48577225208282471 0.22712156176567078 1.9024498462677002 0 1/00401.png

399 0.35714077949523926 0.80207854509353638 0.44767913222312927 -0.16942219436168671 -0.47264230251312256 0.13866108655929565 1.9388484954833984 0 1/00405.png

400 0.35773053765296936 0.80265599489212036 0.44475001096725464 -0.17311744391918182 -0.46417438983917236 0.15538021922111511 1.9345450401306152 0 1/00403.png

401 0.37190631031990051 0.80946171283721924 0.42063102126121521 -0.1718345433473587 -0.50022155046463013 0.23301544785499573 1.8749632835388184 0 1/00399.png

402 0.37293270230293274 0.80758172273635864 0.42312628030776978 -0.17232833802700043 -0.49668478965759277 0.22726115584373474 1.8850713968276978 0 1/00400.png

403 0.35945737361907959 0.80292606353759766 0.44245389103889465 -0.17416867613792419 -0.46520805358886719 0.16136786341667175 1.9317419528961182 0 1/00402.png

404 0.35745686292648315 0.80165231227874756 0.44903433322906494 -0.1671718955039978 -0.47589662671089172 0.1361922025680542 1.947296142578125 0 1/00404.png

405 0.38415750861167908 0.80867612361907959 0.41214147210121155 -0.16913153231143951 -0.53485232591629028 0.28282064199447632 1.8283588886260986 0 1/00397.png

406 0.37994676828384399 0.7744109034538269 0.46023362874984741 -0.21003153920173645 -0.47103205323219299 0.29332932829856873 1.9669501781463623 0 1/00412.png

407 0.37115183472633362 0.78226256370544434 0.45747947692871094 -0.20254385471343994 -0.47016862034797668 0.25005805492401123 1.9657808542251587 0 1/00410.png

408 0.35371977090835571 0.8026159405708313 0.44728326797485352 -0.17500759661197662 -0.46410566568374634 0.1462104320526123 1.9686353206634521 0 1/00406.png

409 0.36523133516311646 0.78970146179199219 0.45253771543502808 -0.19541564583778381 -0.46575558185577393 0.22015327215194702 1.981020450592041 0 1/00409.png

410 0.35911378264427185 0.79622316360473633 0.44584447145462036 -0.19567471742630005 -0.4486272931098938 0.20856967568397522 1.9779495000839233 0 1/00407.png

411 0.38171714544296265 0.76748168468475342 0.46019399166107178 -0.23126888275146484 -0.454816073179245 0.37092465162277222 1.9707372188568115 0 1/00414.png

412 0.37190306186676025 0.77983510494232178 0.46030744910240173 -0.20411348342895508 -0.47111696004867554 0.25420328974723816 1.9742047786712646 0 1/00411.png

413 0.39037024974822998 0.75236004590988159 0.47316029667854309 -0.24017630517482758 -0.46366026997566223 0.42254292964935303 1.9395958185195923 0 1/00418.png

414 0.36390024423599243 0.79138344526290894 0.45128729939460754 -0.19398078322410583 -0.45108997821807861 0.20719772577285767 1.9808337688446045 0 1/00408.png

415 0.38356953859329224 0.77244889736175537 0.45693069696426392 -0.2177414745092392 -0.47546398639678955 0.338115394115448 1.9555807113647461 0 1/00413.png

416 0.38327452540397644 0.76279515027999878 0.46423926949501038 -0.23606361448764801 -0.4448961615562439 0.39240452647209167 1.9682552814483643 0 1/00415.png

417 0.39026921987533569 0.74410891532897949 0.48410063982009888 -0.24420981109142303 -0.49178457260131836 0.45411491394042969 1.9168003797531128 0 1/00421.png

418 0.38508313894271851 0.7492293119430542 0.4784654974937439 -0.24786509573459625 -0.46650987863540649 0.45225358009338379 1.9246022701263428 0 1/00420.png

419 0.38540136814117432 0.75584316253662109 0.46955403685569763 -0.2443070113658905 -0.45155739784240723 0.42950689792633057 1.9480195045471191 0 1/00417.png

420 0.38896942138671875 0.74792635440826416 0.47897905111312866 -0.24472025036811829 -0.4772602915763855 0.44621747732162476 1.9261382818222046 0 1/00419.png

421 0.38829568028450012 0.75732386112213135 0.46473103761672974 -0.24436064064502716 -0.43859219551086426 0.42689394950866699 1.9491704702377319 0 1/00416.png

422 0.38126444816589355 0.74422228336334229 0.49047759175300598 -0.24536141753196716 -0.51451981067657471 0.4572913646697998 1.8991739749908447 0 1/00423.png

423 0.38751423358917236 0.74287527799606323 0.48679345846176147 -0.24698393046855927 -0.4916226863861084 0.45876896381378174 1.906181812286377 0 1/00422.png

424 0.37621676921844482 0.74578231573104858 0.49516510963439941 -0.23891694843769073 -0.56946849822998047 0.46993577480316162 1.8963310718536377 0 1/00426.png

425 0.3676876425743103 0.75845915079116821 0.48646971583366394 -0.22998404502868652 -0.6438138484954834 0.52010804414749146 1.8792667388916016 0 1/00429.png

426 0.36070996522903442 0.7612382173538208 0.48643168807029724 -0.23192441463470459 -0.65400660037994385 0.5424763560295105 1.8697165250778198 0 1/00431.png

427 0.37369540333747864 0.75405669212341309 0.48519808053970337 -0.23734569549560547 -0.60009068250656128 0.50569933652877808 1.8859262466430664 0 1/00427.png

428 0.36217913031578064 0.76220649480819702 0.48485112190246582 -0.22975409030914307 -0.65396153926849365 0.52700126171112061 1.878684401512146 0 1/00430.png

429 0.35881727933883667 0.76322132349014282 0.49069979786872864 -0.21899096667766571 -0.7035825252532959 0.55258798599243164 1.8595931529998779 0 1/00433.png

430 0.37655839323997498 0.74709600210189819 0.49145472049713135 -0.24191665649414062 -0.55275076627731323 0.47162908315658569 1.8829991817474365 0 1/00425.png

431 0.35743972659111023 0.76439064741134644 0.4861263632774353 -0.22721128165721893 -0.67089581489562988 0.53523135185241699 1.8697714805603027 0 1/00432.png

432 0.37140354514122009 0.75536352396011353 0.48531019687652588 -0.23655720055103302 -0.61840593814849854 0.53540724515914917 1.8658072948455811 0 1/00428.png

433 0.37858295440673828 0.74538028240203857 0.49114298820495605 -0.24466648697853088 -0.52696025371551514 0.46053025126457214 1.9058786630630493 0 1/00424.png

434 0.36265099048614502 0.75359171628952026 0.50422388315200806 -0.21527183055877686 -0.71721518039703369 0.58513468503952026 1.8424725532531738 0 1/00437.png

435 0.3662726879119873 0.74533933401107788 0.50874936580657959 -0.22690892219543457 -0.70020121335983276 0.63214713335037231 1.8379981517791748 0 1/00438.png

436 0.36852848529815674 0.75486868619918823 0.49794518947601318 -0.21543124318122864 -0.72100830078125 0.56269073486328125 1.8397769927978516 0 1/00434.png

437 0.3722420334815979 0.73823624849319458 0.51340609788894653 -0.22990700602531433 -0.69153410196304321 0.65841764211654663 1.8438385725021362 0 1/00439.png

438 0.38212969899177551 0.72800207138061523 0.51748955249786377 -0.2370537668466568 -0.69276255369186401 0.70539140701293945 1.8156687021255493 0 1/00441.png

439 0.35605120658874512 0.75750553607940674 0.50414776802062988 -0.21271556615829468 -0.731606125831604 0.56478679180145264 1.8307024240493774 0 1/00436.png

440 0.40681618452072144 0.71791434288024902 0.5147395133972168 -0.23268602788448334 -0.7558128833770752 0.74492537975311279 1.74146568775177 0 1/00445.png

441 0.36717000603675842 0.75491321086883545 0.50045269727706909 -0.21175272762775421 -0.72294950485229492 0.57201862335205078 1.8281493186950684 0 1/00435.png

442 0.37205988168716431 0.73937714099884033 0.51105862855911255 -0.23175843060016632 -0.67825496196746826 0.66247916221618652 1.8342188596725464 0 1/00440.png

443 0.38971695303916931 0.72954475879669189 0.51927453279495239 -0.21503299474716187 -0.76788961887359619 0.64893645048141479 1.7671691179275513 0 1/00447.png

444 0.37453269958496094 0.73849189281463623 0.52217179536819458 -0.2041851133108139 -0.7678149938583374 0.5705682635307312 1.7616583108901978 0 1/00448.png

445 0.4088311493396759 0.71300035715103149 0.51919454336166382 -0.23436030745506287 -0.74694538116455078 0.73676872253417969 1.7584049701690674 0 1/00444.png

446 0.39209896326065063 0.72013187408447266 0.51860564947128296 -0.24231508374214172 -0.69574975967407227 0.73743772506713867 1.7952108383178711 0 1/00442.png

447 0.35577449202537537 0.73749387264251709 0.54341071844100952 -0.18501934409141541 -0.77502524852752686 0.44839048385620117 1.7789350748062134 0 1/00450.png

448 0.36614143848419189 0.73818755149841309 0.53063374757766724 -0.1986134797334671 -0.76631462574005127 0.53002530336380005 1.7717814445495605 0 1/00449.png

449 0.39629077911376953 0.72613555192947388 0.51269775629043579 -0.22982998192310333 -0.7629883885383606 0.72659444808959961 1.7568740844726562 0 1/00446.png

450 0.40018609166145325 0.71294265985488892 0.52291470766067505 -0.24108944833278656 -0.71347498893737793 0.74051535129547119 1.7781189680099487 0 1/00443.png

451 0.34465205669403076 0.74386107921600342 0.54832446575164795 -0.16500270366668701 -0.80954360961914062 0.3707810640335083 1.7464580535888672 0 1/00451.png

452 0.34228366613388062 0.74763625860214233 0.55001324415206909 -0.14617542922496796 -0.84303438663482666 0.31234994530677795 1.7289350032806396 0 1/00452.png

453 0.34075021743774414 0.75105351209640503 0.55003362894058228 -0.13141922652721405 -0.86682307720184326 0.27232798933982849 1.6947753429412842 0 1/00453.png

454 0.3402860164642334 0.74764335155487061 0.55462473630905151 -0.13276335597038269 -0.87431108951568604 0.26672551035881042 1.6771782636642456 0 1/00454.png

455 0.32893884181976318 0.7533227801322937 0.55846476554870605 -0.11144989728927612 -0.90747660398483276 0.18884697556495667 1.635035514831543 0 1/00456.png

456 0.33276069164276123 0.75261867046356201 0.55480211973190308 -0.12259788811206818 -0.89474517107009888 0.23343411087989807 1.6681909561157227 0 1/00455.png

457 0.32725167274475098 0.75412386655807495 0.55970257520675659 -0.10457785427570343 -0.91765636205673218 0.16127654910087585 1.6160446405410767 0 1/00457.png

458 0.32510942220687866 0.75928080081939697 0.55893003940582275 -0.073441863059997559 -0.98811870813369751 0.088250041007995605 1.5346305370330811 0 1/00459.png

459 0.32049453258514404 0.75808918476104736 0.56034177541732788 -0.092742234468460083 -0.93402218818664551 0.11793583631515503 1.5948491096496582 0 1/00458.png

460 0.33636769652366638 0.75550633668899536 0.55924469232559204 -0.057551693171262741 -1.0249271392822266 0.063112974166870117 1.4909892082214355 0 1/00460.png

461 0.32748270034790039 0.75508522987365723 0.56630605459213257 -0.043575629591941833 -1.0477304458618164 0.01259303092956543 1.4441564083099365 0 1/00461.png

462 0.21795713901519775 0.80193048715591431 0.55456888675689697 0.043076209723949432 -1.006277322769165 -0.34196573495864868 1.2081466913223267 0 1/00474.png

463 0.32869958877563477 0.75673007965087891 0.56410574913024902 -0.033179040998220444 -1.0649052858352661 -0.010205328464508057 1.414263129234314 0 1/00462.png

464 0.31586024165153503 0.76084959506988525 0.56641316413879395 -0.022726394236087799 -1.0551553964614868 -0.066396415233612061 1.3891879320144653 0 1/00464.png

465 0.32415953278541565 0.75975769758224487 0.56277769804000854 -0.031145701184868813 -1.0531389713287354 -0.025977611541748047 1.4145267009735107 0 1/00463.png

466 0.28816831111907959 0.77182531356811523 0.56677001714706421 -0.0040623736567795277 -1.0467286109924316 -0.15460211038589478 1.3469463586807251 0 1/00467.png

467 0.2621605396270752 0.78867036104202271 0.55544090270996094 0.027500106021761894 -1.0653077363967896 -0.23864841461181641 1.2564634084701538 0 1/00470.png

468 0.29120832681655884 0.77150446176528931 0.56554508209228516 -0.011711712926626205 -1.0345568656921387 -0.13638406991958618 1.3660666942596436 0 1/00466.png

469 0.23572035133838654 0.79221367835998535 0.56161761283874512 0.037669423967599869 -1.037031888961792 -0.31299769878387451 1.2290663719177246 0 1/00472.png

470 0.27093052864074707 0.78152632713317871 0.56163012981414795 0.019614510238170624 -1.0603454113006592 -0.21843582391738892 1.2782405614852905 0 1/00469.png

471 0.28264784812927246 0.77608060836791992 0.56367313861846924 0.0090404553338885307 -1.0536136627197266 -0.18702942132949829 1.302731990814209 0 1/00468.png

472 0.30590277910232544 0.76281237602233887 0.56926953792572021 -0.021750070154666901 -1.0365355014801025 -0.092057943344116211 1.3884373903274536 0 1/00465.png

473 0.21020244061946869 0.79868829250335693 0.56187868118286133 0.046949625015258789 -1.0003936290740967 -0.37412679195404053 1.193578839302063 0 1/00475.png

474 0.22837996482849121 0.79463738203048706 0.56089019775390625 0.042381446808576584 -1.0321629047393799 -0.32703286409378052 1.2193307876586914 0 1/00473.png

475 0.25440490245819092 0.78682106733322144 0.56122809648513794 0.034839387983083725 -1.0524821281433105 -0.27562707662582397 1.2322665452957153 0 1/00471.png

476 0.19456323981285095 0.81243312358856201 0.54818207025527954 0.039925042539834976 -0.89992737770080566 -0.4116750955581665 1.1590671539306641 0 1/00481.png

477 0.20228041708469391 0.8063971996307373 0.55394876003265381 0.044124148786067963 -0.96559804677963257 -0.37824058532714844 1.192354679107666 0 1/00477.png

478 0.20257335901260376 0.80622094869613647 0.55429404973983765 0.041591543704271317 -0.94307500123977661 -0.38858568668365479 1.1829701662063599 0 1/00478.png

479 0.19827961921691895 0.80824166536331177 0.5530354380607605 0.039780601859092712 -0.92526513338088989 -0.39191520214080811 1.1789853572845459 0 1/00479.png

480 0.1987040787935257 0.81062555313110352 0.54936367273330688 0.040030989795923233 -0.91525518894195557 -0.40151500701904297 1.1684335470199585 0 1/00480.png

481 0.18624339997768402 0.82473373413085938 0.53312259912490845 0.030132913962006569 -0.83939707279205322 -0.42402184009552002 1.1632498502731323 0 1/00485.png

482 0.19410231709480286 0.82050979137420654 0.53670859336853027 0.032124228775501251 -0.85961353778839111 -0.40389430522918701 1.1654433012008667 0 1/00483.png

483 0.21337118744850159 0.80394893884658813 0.55329000949859619 0.044822104275226593 -0.98454201221466064 -0.35916709899902344 1.1938799619674683 0 1/00476.png

484 0.18932928144931793 0.82231056690216064 0.53561562299728394 0.032797086983919144 -0.85859942436218262 -0.41886019706726074 1.1668503284454346 0 1/00484.png

485 0.1719202846288681 0.83136141300201416 0.52762240171432495 0.029937874525785446 -0.80397152900695801 -0.45296192169189453 1.1457927227020264 0 1/00487.png

486 0.18026220798492432 0.82844597101211548 0.5293889045715332 0.030498694628477097 -0.81517350673675537 -0.43997299671173096 1.1490967273712158 0 1/00486.png

487 0.17156292498111725 0.83493822813034058 0.52208000421524048 0.02961067296564579 -0.78808152675628662 -0.45685601234436035 1.1483004093170166 0 1/00488.png

488 0.18963144719600677 0.81538170576095581 0.54572898149490356 0.037048209458589554 -0.88302457332611084 -0.41964149475097656 1.1641639471054077 0 1/00482.png

489 0.16755165159702301 0.83618307113647461 0.52182555198669434 0.020554682239890099 -0.72806292772293091 -0.46755003929138184 1.1476436853408813 0 1/00491.png

490 0.16831816732883453 0.83750486373901367 0.51941555738449097 0.021493349224328995 -0.75923919677734375 -0.45670771598815918 1.1642688512802124 0 1/00489.png

491 0.1670478880405426 0.83993625640869141 0.51600044965744019 0.018593719229102135 -0.71566003561019897 -0.45787572860717773 1.1523492336273193 0 1/00492.png

492 0.17311123013496399 0.83553558588027954 0.52100002765655518 0.021720273420214653 -0.74447107315063477 -0.46039724349975586 1.1513980627059937 0 1/00490.png

493 0.15975578129291534 0.84724891185760498 0.50636261701583862 0.015626860782504082 -0.66819262504577637 -0.45621824264526367 1.1471738815307617 0 1/00496.png

494 0.15871588885784149 0.84616267681121826 0.50862735509872437 0.010780282318592072 -0.64730912446975708 -0.45679473876953125 1.156558632850647 0 1/00497.png

495 0.15607991814613342 0.85615080595016479 0.49240344762802124 0.013553743250668049 -0.64362835884094238 -0.44298112392425537 1.1443848609924316 0 1/00500.png

496 0.16578179597854614 0.84059041738510132 0.51532799005508423 0.019004309549927711 -0.69197118282318115 -0.46222209930419922 1.1511032581329346 0 1/00493.png

497 0.16674153506755829 0.84161406755447388 0.51345837116241455 0.015608963556587696 -0.68620777130126953 -0.45506811141967773 1.1602678298950195 0 1/00494.png

498 0.15398605167865753 0.85814088582992554 0.48966455459594727 0.010538882575929165 -0.63861685991287231 -0.44067287445068359 1.1401591300964355 0 1/00501.png

499 0.16573439538478851 0.8447532057762146 0.50856012105941772 0.017050422728061676 -0.68017441034317017 -0.45283567905426025 1.1508626937866211 0 1/00495.png

500 0.15862883627414703 0.85069370269775391 0.50102913379669189 0.011260903440415859 -0.64509868621826172 -0.45491385459899902 1.1490588188171387 0 1/00498.png

501 0.16028136014938354 0.8621106743812561 0.48066937923431396 0.0056575965136289597 -0.62033343315124512 -0.40104913711547852 1.1453053951263428 0 1/00503.png

502 0.15654750168323517 0.86171019077301025 0.48260313272476196 0.006527783814817667 -0.62455058097839355 -0.41533792018890381 1.1448531150817871 0 1/00502.png

503 0.15317866206169128 0.85447067022323608 0.4963090717792511 0.009671773761510849 -0.63388502597808838 -0.44801676273345947 1.1558597087860107 0 1/00499.png

504 0.18386496603488922 0.86300277709960938 0.46913272142410278 -0.036526422947645187 -0.55947566032409668 -0.2590639591217041 1.2183514833450317 0 1/00508.png

505 0.16293793916702271 0.86368972063064575 0.47679227590560913 -0.012667604722082615 -0.58699369430541992 -0.35933101177215576 1.1718182563781738 0 1/00505.png

506 0.17599077522754669 0.86194521188735962 0.47452303767204285 -0.030093986541032791 -0.56603050231933594 -0.29423278570175171 1.2034024000167847 0 1/00507.png

507 0.16240890324115753 0.86278045177459717 0.47877389192581177 -0.0029537023510783911 -0.61221295595169067 -0.38130533695220947 1.16583251953125 0 1/00504.png

508 0.17180599272251129 0.86132127046585083 0.47770342230796814 -0.02019537054002285 -0.58097296953201294 -0.32651948928833008 1.1942861080169678 0 1/00506.png

509 0.1947299987077713 0.86349546909332275 0.4627147912979126 -0.048485893756151199 -0.55015546083450317 -0.19574165344238281 1.2332097291946411 0 1/00510.png

510 0.20220772922039032 0.86460280418395996 0.45655706524848938 -0.055943872779607773 -0.54595887660980225 -0.16288113594055176 1.2420454025268555 0 1/00511.png

511 0.20227186381816864 0.87422800064086914 0.43746045231819153 -0.058650247752666473 -0.5481075644493103 -0.1170809268951416 1.2484511137008667 0 1/00514.png

512 0.19937971234321594 0.86934322118759155 0.4485766589641571 -0.057176310569047928 -0.54490530490875244 -0.14164179563522339 1.2494646310806274 0 1/00512.png

513 0.20918969810009003 0.86811429262161255 0.44626203179359436 -0.058884210884571075 -0.54945480823516846 -0.12008994817733765 1.2411239147186279 0 1/00513.png

514 0.20246385037899017 0.87620288133621216 0.43321484327316284 -0.060015883296728134 -0.54212522506713867 -0.10968267917633057 1.2437735795974731 0 1/00515.png

515 0.18764430284500122 0.86370080709457397 0.46640527248382568 -0.035731863230466843 -0.56738048791885376 -0.23519325256347656 1.2080113887786865 0 1/00509.png

516 0.21258148550987244 0.87557470798492432 0.42929798364639282 -0.062299404293298721 -0.55408716201782227 -0.076359093189239502 1.2465782165527344 0 1/00517.png

517 0.2133978009223938 0.87828081846237183 0.4244610071182251 -0.054009038954973221 -0.56944316625595093 -0.076953291893005371 1.2252106666564941 0 1/00518.png

518 0.21973659098148346 0.88257265090942383 0.41243952512741089 -0.051719687879085541 -0.58493572473526001 -0.048380851745605469 1.2264178991317749 0 1/00519.png

519 0.21508662402629852 0.87410521507263184 0.4300963282585144 -0.068519949913024902 -0.53937321901321411 -0.072922229766845703 1.2511661052703857 0 1/00516.png

520 0.22011975944042206 0.88425672054290771 0.40750789642333984 -0.059789177030324936 -0.5698845386505127 -0.025387227535247803 1.2426826953887939 0 1/00520.png

521 0.22202217578887939 0.89423131942749023 0.38331413269042969 -0.064239755272865295 -0.56559854745864868 0.013778030872344971 1.2475622892379761 0 1/00525.png

522 0.22140109539031982 0.88598334789276123 0.40213882923126221 -0.065569512546062469 -0.55639910697937012 -0.012547910213470459 1.2434557676315308 0 1/00521.png

523 0.22031347453594208 0.89176028966903687 0.38932293653488159 -0.068214356899261475 -0.55684208869934082 0.0042463541030883789 1.2536232471466064 0 1/00524.png

524 0.23612208664417267 0.89256197214126587 0.37911024689674377 -0.06208791583776474 -0.58626967668533325 0.03333967924118042 1.2448714971542358 0 1/00527.png

525 0.23122765123844147 0.89879977703094482 0.36773258447647095 -0.058868702501058578 -0.59145981073379517 0.042544424533843994 1.2456749677658081 0 1/00529.png

526 0.22076770663261414 0.89462459087371826 0.38412517309188843 -0.05793304368853569 -0.57911449670791626 0.005145728588104248 1.2446261644363403 0 1/00526.png

527 0.23170313239097595 0.90215003490447998 0.3583451509475708 -0.063463926315307617 -0.59022194147109985 0.05938422679901123 1.2578052282333374 0 1/00530.png

528 0.22160498797893524 0.88964700698852539 0.3936920166015625 -0.066529527306556702 -0.55863761901855469 -0.0030724406242370605 1.2464970350265503 0 1/00523.png

529 0.21782961487770081 0.88714462518692017 0.40166181325912476 -0.064749531447887421 -0.55606216192245483 -0.016730189323425293 1.2446936368942261 0 1/00522.png

530 0.22537170350551605 0.90708762407302856 0.35128509998321533 -0.054758332669734955 -0.60460126399993896 0.046544849872589111 1.2413699626922607 0 1/00531.png

531 0.22801533341407776 0.91063809394836426 0.34006047248840332 -0.055734086781740189 -0.60926175117492676 0.06061255931854248 1.2420616149902344 0 1/00533.png

532 0.22056996822357178 0.91762030124664307 0.32737135887145996 -0.04636744037270546 -0.62809836864471436 0.042006373405456543 1.2292745113372803 0 1/00535.png

533 0.23069688677787781 0.89668643474578857 0.37238630652427673 -0.063724435865879059 -0.58147817850112915 0.042251646518707275 1.2509255409240723 0 1/00528.png

534 0.23443551361560822 0.90599489212036133 0.34784373641014099 -0.056726917624473572 -0.61131638288497925 0.059155523777008057 1.2376152276992798 0 1/00532.png

535 0.2195863276720047 0.91720545291900635 0.32805901765823364 -0.053789127618074417 -0.61463916301727295 0.053276538848876953 1.2415777444839478 0 1/00534.png

536 0.21891395747661591 0.92427706718444824 0.31162899732589722 -0.025999180972576141 -0.66696405410766602 0.021380007266998291 1.1889873743057251 0 1/00538.png

537 0.22317691147327423 0.91974592208862305 0.32002905011177063 -0.042905755341053009 -0.63831901550292969 0.050801575183868408 1.2181957960128784 0 1/00536.png

538 0.20612341165542603 0.93279922008514404 0.29530811309814453 -0.013851147145032883 -0.67821884155273438 0.0010564923286437988 1.1665648221969604 0 1/00542.png

539 0.21538664400577545 0.92728942632675171 0.30528527498245239 -0.023321367800235748 -0.67177033424377441 0.025859713554382324 1.1860277652740479 0 1/00539.png

540 0.21409092843532562 0.92986315488815308 0.29878577589988708 -0.015706988051533699 -0.68320131301879883 0.013681411743164062 1.174303412437439 0 1/00541.png

541 0.21855840086936951 0.92809867858886719 0.30045032501220703 -0.02438577264547348 -0.67145407199859619 0.034386336803436279 1.1866827011108398 0 1/00540.png

542 0.21800172328948975 0.92315179109573364 0.31524181365966797 -0.02980995737016201 -0.66392034292221069 0.030786275863647461 1.2008912563323975 0 1/00537.png

543 0.21480327844619751 0.93314117193222046 0.28748822212219238 -0.021392233669757843 -0.67316550016403198 0.035490214824676514 1.1742022037506104 0 1/00544.png

544 0.2120770663022995 0.93245291709899902 0.29175668954849243 -0.020807016640901566 -0.67306381464004517 0.027325987815856934 1.1783244609832764 0 1/00543.png

545 0.21777056157588959 0.93411993980407715 0.28198140859603882 -0.021965915337204933 -0.67054283618927002 0.055745720863342285 1.1760319471359253 0 1/00545.png

546 0.23164179921150208 0.93105149269104004 0.2808571457862854 -0.024586182087659836 -0.67509853839874268 0.084362447261810303 1.1693322658538818 0 1/00548.png

547 0.22770687937736511 0.93185120820999146 0.28126716613769531 -0.026299258694052696 -0.6679234504699707 0.091251730918884277 1.1720199584960938 0 1/00547.png

548 0.22040443122386932 0.93399471044540405 0.27968683838844299 -0.029173089191317558 -0.66187572479248047 0.087133347988128662 1.1820777654647827 0 1/00549.png

549 0.22093363106250763 0.93431681394577026 0.27888265252113342 -0.021560207009315491 -0.67333889007568359 0.072212517261505127 1.1711622476577759 0 1/00546.png

550 0.22868005931377411 0.93186599016189575 0.28008034825325012 -0.029769161716103554 -0.66103696823120117 0.10392242670059204 1.1855915784835815 0 1/00552.png

551 0.23137982189655304 0.9314655065536499 0.27889841794967651 -0.032419994473457336 -0.65785771608352661 0.1146579384803772 1.1905668973922729 0 1/00551.png

552 0.22669114172458649 0.93378359079360962 0.27554064989089966 -0.027142170816659927 -0.66402631998062134 0.10895568132400513 1.1824265718460083 0 1/00553.png

553 0.23159854114055634 0.93142211437225342 0.27814489603042603 -0.03808414563536644 -0.65133225917816162 0.10866242647171021 1.1844877004623413 0 1/00550.png

554 0.24168409407138824 0.93035531044006348 0.27201604843139648 -0.045110851526260376 -0.65000319480895996 0.18345025181770325 1.1915744543075562 0 1/00558.png

555 0.2370392233133316 0.93164819478988647 0.27271696925163269 -0.03833332285284996 -0.65906894207000732 0.14926356077194214 1.1871697902679443 0 1/00556.png

556 0.24085944890975952 0.93018341064453125 0.27440059185028076 -0.038076888769865036 -0.65709477663040161 0.14597111940383911 1.1772607564926147 0 1/00554.png

557 0.24665272235870361 0.93012756109237671 0.26777353882789612 -0.048191934823989868 -0.64959537982940674 0.19923228025436401 1.1971070766448975 0 1/00559.png

558 0.24536317586898804 0.92925560474395752 0.27311256527900696 -0.041114486753940582 -0.66218197345733643 0.19633549451828003 1.1933730840682983 0 1/00561.png

559 0.2341715544462204 0.93221151828765869 0.27328962087631226 -0.038185868412256241 -0.65521711111068726 0.14843633770942688 1.1891334056854248 0 1/00555.png

560 0.232428178191185 0.93281430006027222 0.27221545577049255 -0.041632752865552902 -0.65098738670349121 0.16558337211608887 1.188055157661438 0 1/00557.png

561 0.25199609994888306 0.92703539133071899 0.27314737439155579 -0.049939814954996109 -0.65844595432281494 0.22056302428245544 1.1836060285568237 0 1/00563.png

562 0.2456555962562561 0.92955374717712402 0.26937985420227051 -0.054933540523052216 -0.64193981885910034 0.22548314929008484 1.1904016733169556 0 1/00568.png

563 0.24832388758659363 0.92898762226104736 0.27025130391120911 -0.047764617949724197 -0.65544050931930542 0.21336743235588074 1.1921266317367554 0 1/00560.png

564 0.24764515459537506 0.92896920442581177 0.27050963044166565 -0.050127863883972168 -0.65627634525299072 0.2284163236618042 1.190403938293457 0 1/00566.png

565 0.25046542286872864 0.92755711078643799 0.27314341068267822 -0.047933090478181839 -0.65547370910644531 0.21094852685928345 1.1855869293212891 0 1/00562.png

566 0.24768348038196564 0.92884689569473267 0.27075228095054626 -0.050887648016214371 -0.64999008178710938 0.22263693809509277 1.1908390522003174 0 1/00565.png

567 0.24766992032527924 0.92800289392471313 0.27350378036499023 -0.051632799208164215 -0.65081155300140381 0.22036382555961609 1.1901721954345703 0 1/00564.png

568 0.24355259537696838 0.93021678924560547 0.26953068375587463 -0.052269503474235535 -0.64218664169311523 0.21819895505905151 1.1923472881317139 0 1/00567.png

569 0.24830850958824158 0.92805343866348267 0.27280938625335693 -0.051329929381608963 -0.6524086594581604 0.22342512011528015 1.1927330493927002 0 1/00570.png

570 0.2488228976726532 0.92728668451309204 0.27409401535987854 -0.055669546127319336 -0.64464724063873291 0.2269863486289978 1.2019397020339966 0 1/00569.png

571 0.24581688642501831 0.92909407615661621 0.2713254988193512 -0.052353031933307648 -0.6481059193611145 0.22215569019317627 1.1976813077926636 0 1/00573.png

572 0.24621564149856567 0.92897641658782959 0.2719225287437439 -0.049385067075490952 -0.65090882778167725 0.20946893095970154 1.1911284923553467 0 1/00571.png

573 0.2455858439207077 0.9287293553352356 0.27325671911239624 -0.049801003187894821 -0.65255141258239746 0.22027510404586792 1.1894818544387817 0 1/00572.png

