# Image list with two lines of data per image:
#   IMAGE_ID, QW, QX, QY, QZ, TX, TY, TZ, CAMERA_ID, NAME
#   POINTS2D[] as (X, Y, POINT3D_ID)
# Number of images: 573, mean observations per image: 0
1 0.46045878529548645 0.86982065439224243 0.15646584331989288 -0.083115696907043457 -1.4082183837890625 1.32767653465271 0.50298047065734863 0 1/00007.png

2 0.44285982847213745 0.87386876344680786 0.18352122604846954 -0.080922797322273254 -1.446800708770752 1.251068115234375 0.56081598997116089 0 1/00004.png

3 0.46478047966957092 0.86854332685470581 0.15094032883644104 -0.082635477185249329 -1.4010465145111084 1.3438801765441895 0.49067395925521851 0 1/00008.png

4 0.43197011947631836 0.87118440866470337 0.21754433214664459 -0.084344886243343353 -1.486385703086853 1.169227123260498 0.6207159161567688 0 1/00001.png

5 0.4534306526184082 0.87220543622970581 0.16487674415111542 -0.080461397767066956 -1.4283477067947388 1.2996649742126465 0.52058476209640503 0 1/00006.png

6 0.44566932320594788 0.87472307682037354 0.17279492318630219 -0.079876340925693512 -1.4311730861663818 1.2800309658050537 0.53577518463134766 0 1/00005.png

7 0.46884366869926453 0.83959382772445679 0.22965431213378906 -0.15008914470672607 -1.2825745344161987 1.2215124368667603 0.91357225179672241 0 1/00018.png

8 0.43416005373001099 0.87279808521270752 0.20701874792575836 -0.082895450294017792 -1.4805160760879517 1.1890702247619629 0.61243772506713867 0 1/00002.png

9 0.48432058095932007 0.84271681308746338 0.20260375738143921 -0.11922059953212738 -1.3512458801269531 1.2536039352416992 0.71532422304153442 0 1/00016.png

10 0.46183988451957703 0.83725416660308838 0.24422430992126465 -0.16144299507141113 -1.2580783367156982 1.19590163230896 0.9783627986907959 0 1/00019.png

11 0.43680039048194885 0.87371528148651123 0.19701284170150757 -0.083743900060653687 -1.4628335237503052 1.2185225486755371 0.59423977136611938 0 1/00003.png

12 0.48417291045188904 0.85419660806655884 0.16335420310497284 -0.096125490963459015 -1.3776142597198486 1.3275821208953857 0.54491889476776123 0 1/00012.png

13 0.48743942379951477 0.84476208686828613 0.19091065227985382 -0.11105398088693619 -1.3657072782516479 1.2730982303619385 0.658133864402771 0 1/00015.png

14 0.48656463623046875 0.84818559885025024 0.18134509027004242 -0.10464205592870712 -1.3688998222351074 1.2909674644470215 0.61437541246414185 0 1/00014.png

15 0.47942471504211426 0.84084564447402954 0.21431806683540344 -0.13114216923713684 -1.318783164024353 1.2366580963134766 0.81618469953536987 0 1/00017.png

16 0.47981655597686768 0.85867071151733398 0.15482820570468903 -0.092135444283485413 -1.3809325695037842 1.3479459285736084 0.51654917001724243 0 1/00011.png

17 0.45514440536499023 0.82401812076568604 0.28553935885429382 -0.17973554134368896 -1.1969711780548096 1.1094470024108887 1.0963691473007202 0 1/00022.png

18 0.4842502772808075 0.85168379545211792 0.17352397739887238 -0.10012836009263992 -1.3819178342819214 1.307049036026001 0.58327645063400269 0 1/00013.png

19 0.47367924451828003 0.86398935317993164 0.14789426326751709 -0.085309021174907684 -1.3875430822372437 1.3549244403839111 0.47271120548248291 0 1/00009.png

20 0.45825421810150146 0.83425945043563843 0.25801244378089905 -0.1656617671251297 -1.2504572868347168 1.1614232063293457 0.98766255378723145 0 1/00020.png

21 0.47686934471130371 0.86150532960891724 0.15029220283031464 -0.088410764932632446 -1.3845736980438232 1.3548053503036499 0.49290204048156738 0 1/00010.png

22 0.45217406749725342 0.80955559015274048 0.32046183943748474 -0.19355238974094391 -1.1713147163391113 1.0480417013168335 1.1853675842285156 0 1/00024.png

23 0.4374593198299408 0.78493583202362061 0.37981906533241272 -0.21964211761951447 -1.0725672245025635 0.94205915927886963 1.3506128787994385 0 1/00027.png

24 0.45356771349906921 0.81868487596511841 0.30019599199295044 -0.18415732681751251 -1.1877479553222656 1.0794332027435303 1.1379175186157227 0 1/00023.png

25 0.45602545142173767 0.82939827442169189 0.27090758085250854 -0.17535205185413361 -1.2364754676818848 1.1450822353363037 1.0239919424057007 0 1/00021.png

26 0.44092836976051331 0.79803377389907837 0.35393938422203064 -0.20844943821430206 -1.0994240045547485 0.981109619140625 1.3004345893859863 0 1/00026.png

27 0.44737011194229126 0.8042755126953125 0.33547106385231018 -0.20114701986312866 -1.1322963237762451 1.0193287134170532 1.2474873065948486 0 1/00025.png

28 0.43729245662689209 0.77747660875320435 0.39320361614227295 -0.22292686998844147 -1.0502883195877075 0.92174291610717773 1.3732459545135498 0 1/00028.png

29 0.43214121460914612 0.77376765012741089 0.40516862273216248 -0.22444598376750946 -1.036201000213623 0.88995480537414551 1.4061143398284912 0 1/00029.png

30 0.42929157614707947 0.76092416048049927 0.42781087756156921 -0.23169173300266266 -1.013974666595459 0.85422563552856445 1.4439427852630615 0 1/00030.png

31 0.4261208176612854 0.74510198831558228 0.45376193523406982 -0.23946660757064819 -0.97597247362136841 0.81333965063095093 1.4974870681762695 0 1/00032.png

32 0.32677745819091797 0.67768400907516479 0.59571528434753418 -0.28121909499168396 -0.545967698097229 0.46120893955230713 1.8668090105056763 0 1/00044.png

33 0.42104342579841614 0.73189771175384521 0.47629249095916748 -0.24534378945827484 -0.94601213932037354 0.77369987964630127 1.536742091178894 0 1/00033.png

34 0.37272068858146667 0.67711973190307617 0.58036452531814575 -0.25644707679748535 -0.72789913415908813 0.51643514633178711 1.7511342763900757 0 1/00040.png

35 0.41383394598960876 0.70586907863616943 0.52123409509658813 -0.24249821901321411 -0.89991074800491333 0.66499251127243042 1.6057643890380859 0 1/00036.png

36 0.42978712916374207 0.75124078989028931 0.44086158275604248 -0.23782643675804138 -0.99203908443450928 0.84172505140304565 1.4697710275650024 0 1/00031.png

37 0.3969980776309967 0.69055002927780151 0.55329751968383789 -0.24371087551116943 -0.83967339992523193 0.5784875750541687 1.6766575574874878 0 1/00038.png

38 0.34241542220115662 0.66861355304718018 0.60072213411331177 -0.27356991171836853 -0.59918951988220215 0.47308439016342163 1.8370531797409058 0 1/00042.png

39 0.35843753814697266 0.67127311229705811 0.59213763475418091 -0.26511895656585693 -0.66167795658111572 0.48976123332977295 1.7838121652603149 0 1/00041.png

40 0.40572753548622131 0.70055180788040161 0.53498572111129761 -0.24166640639305115 -0.87790405750274658 0.62292033433914185 1.6372102499008179 0 1/00037.png

41 0.41933232545852661 0.71524381637573242 0.50232279300689697 -0.24547609686851501 -0.9142230749130249 0.71869325637817383 1.5721912384033203 0 1/00035.png

42 0.31949591636657715 0.68478292226791382 0.59099584817886353 -0.28234466910362244 -0.53165805339813232 0.45195236802101135 1.8823933601379395 0 1/00045.png

43 0.42029792070388794 0.72305649518966675 0.48903685808181763 -0.24775385856628418 -0.92518484592437744 0.7523840069770813 1.5575369596481323 0 1/00034.png

44 0.31594586372375488 0.69891536235809326 0.57809680700302124 -0.27838769555091858 -0.54567223787307739 0.43382430076599121 1.8732843399047852 0 1/00047.png

45 0.31571337580680847 0.70700317621231079 0.57082325220108032 -0.27318930625915527 -0.56107443571090698 0.42168799042701721 1.8674827814102173 0 1/00048.png

46 0.3863329291343689 0.67956006526947021 0.57091999053955078 -0.25098878145217896 -0.78473496437072754 0.54638946056365967 1.7142657041549683 0 1/00039.png

47 0.31579023599624634 0.69191884994506836 0.58556371927261353 -0.28042808175086975 -0.53374361991882324 0.44115787744522095 1.8855080604553223 0 1/00046.png

48 0.33362612128257751 0.67287677526473999 0.59908401966094971 -0.27754053473472595 -0.56815224885940552 0.46443545818328857 1.8549559116363525 0 1/00043.png

49 0.3160099983215332 0.71266204118728638 0.56402522325515747 -0.27226081490516663 -0.56809413433074951 0.41924905776977539 1.8662617206573486 0 1/00049.png

50 0.31473582983016968 0.71989345550537109 0.55696094036102295 -0.26923835277557373 -0.56432867050170898 0.4092375636100769 1.8649698495864868 0 1/00051.png

51 0.31654968857765198 0.71607351303100586 0.55916184186935425 -0.27271416783332825 -0.56654644012451172 0.41809165477752686 1.8605759143829346 0 1/00050.png

52 0.32784652709960938 0.72701257467269897 0.54395681619644165 -0.26092210412025452 -0.58547323942184448 0.40409785509109497 1.8218796253204346 0 1/00055.png

53 0.31805896759033203 0.7221217155456543 0.55304485559463501 -0.26743227243423462 -0.56867134571075439 0.40604358911514282 1.850193977355957 0 1/00052.png

54 0.32226935029029846 0.72052967548370361 0.55212432146072388 -0.26858550310134888 -0.57101303339004517 0.40877103805541992 1.836370587348938 0 1/00053.png

55 0.32616442441940308 0.72420895099639893 0.54798895120620728 -0.26238587498664856 -0.58388876914978027 0.40506404638290405 1.8311835527420044 0 1/00054.png

56 0.32571059465408325 0.73269945383071899 0.53844541311264038 -0.25911512970924377 -0.581451416015625 0.39943671226501465 1.814771294593811 0 1/00056.png

57 0.32415217161178589 0.75168490409851074 0.51643294095993042 -0.25138047337532043 -0.58114606142044067 0.3962700366973877 1.7905101776123047 0 1/00059.png

58 0.32597589492797852 0.7435188889503479 0.52638512849807739 -0.25266185402870178 -0.58413159847259521 0.39979350566864014 1.8055098056793213 0 1/00058.png

59 0.31096073985099792 0.76804918050765991 0.50232791900634766 -0.24712468683719635 -0.5550352931022644 0.37379437685012817 1.7965407371520996 0 1/00061.png

60 0.30262574553489685 0.78787630796432495 0.48113334178924561 -0.23702163994312286 -0.5609060525894165 0.35641592741012573 1.7763347625732422 0 1/00063.png

61 0.29359707236289978 0.81351017951965332 0.43821811676025391 -0.24488116800785065 -0.49250099062919617 0.41495946049690247 1.7656309604644775 0 1/00067.png

62 0.31918269395828247 0.7604600191116333 0.50579309463500977 -0.25297483801841736 -0.56403601169586182 0.40057671070098877 1.7900024652481079 0 1/00060.png

63 0.32821914553642273 0.73753464221954346 0.531524658203125 -0.25650769472122192 -0.58306986093521118 0.40780508518218994 1.804234504699707 0 1/00057.png

64 0.28790444135665894 0.82060897350311279 0.42700383067131042 -0.24774910509586334 -0.46068614721298218 0.42929458618164062 1.7777045965194702 0 1/00068.png

65 0.29508876800537109 0.80902761220932007 0.44963854551315308 -0.23711192607879639 -0.52630031108856201 0.3872617781162262 1.7634463310241699 0 1/00066.png

66 0.29076865315437317 0.82821112871170044 0.4089927077293396 -0.24948935210704803 -0.41467958688735962 0.48106059432029724 1.7738194465637207 0 1/00071.png

67 0.29714423418045044 0.80074387788772583 0.46372070908546448 -0.23553721606731415 -0.54189634323120117 0.36746665835380554 1.7712700366973877 0 1/00065.png

68 0.30713924765586853 0.77694576978683472 0.49340161681175232 -0.24202413856983185 -0.5600278377532959 0.35929140448570251 1.7852990627288818 0 1/00062.png

69 0.30068609118461609 0.79363775253295898 0.47334212064743042 -0.23595409095287323 -0.55274283885955811 0.36167532205581665 1.7711966037750244 0 1/00064.png

70 0.2834269106388092 0.82815778255462646 0.41336336731910706 -0.25090742111206055 -0.43572178483009338 0.44652295112609863 1.7750318050384521 0 1/00069.png

71 0.30475407838821411 0.82899415493011475 0.40757152438163757 -0.23190321028232574 -0.41968762874603271 0.51602005958557129 1.7708131074905396 0 1/00075.png

72 0.30878835916519165 0.83081251382827759 0.40676045417785645 -0.22123794257640839 -0.4119759202003479 0.5283624529838562 1.7791101932525635 0 1/00078.png

73 0.30275219678878784 0.82814443111419678 0.40947374701499939 -0.23419888317584991 -0.42650824785232544 0.50250017642974854 1.7645150423049927 0 1/00074.png

74 0.28871828317642212 0.82867652177810669 0.40813168883323669 -0.25172522664070129 -0.42386168241500854 0.47254431247711182 1.7697658538818359 0 1/00070.png

75 0.30650633573532104 0.83043402433395386 0.40643325448036194 -0.22637411952018738 -0.40868523716926575 0.52664482593536377 1.7797603607177734 0 1/00077.png

76 0.3035481870174408 0.8365863561630249 0.41114675998687744 -0.19733263552188873 -0.43558380007743835 0.4871084988117218 1.7981383800506592 0 1/00081.png

77 0.29748213291168213 0.82908320426940918 0.41041243076324463 -0.23598101735115051 -0.42595478892326355 0.48560023307800293 1.7694847583770752 0 1/00073.png

78 0.30763015151023865 0.8284987211227417 0.4081706702709198 -0.2288019210100174 -0.41495603322982788 0.52172112464904785 1.7721689939498901 0 1/00076.png

79 0.29458460211753845 0.82752227783203125 0.41202875971794128 -0.24219650030136108 -0.41959652304649353 0.48130390048027039 1.771984338760376 0 1/00072.png

80 0.30892670154571533 0.83141297101974487 0.40779605507850647 -0.2168392688035965 -0.41345590353012085 0.52775907516479492 1.7858870029449463 0 1/00079.png

81 0.29614201188087463 0.83882433176040649 0.41982892155647278 -0.18004804849624634 -0.45388484001159668 0.43151843547821045 1.7968804836273193 0 1/00083.png

82 0.30821713805198669 0.83369112014770508 0.40745183825492859 -0.20962898433208466 -0.42082446813583374 0.51964020729064941 1.7892980575561523 0 1/00080.png

83 0.29822292923927307 0.83806830644607544 0.41691964864730835 -0.186769038438797 -0.44648182392120361 0.44875240325927734 1.7993922233581543 0 1/00082.png

84 0.29633215069770813 0.84013265371322632 0.41965490579605103 -0.1739373505115509 -0.46157377958297729 0.43021088838577271 1.7944725751876831 0 1/00084.png

85 0.29733100533485413 0.84237003326416016 0.41621115803718567 -0.16963291168212891 -0.47314050793647766 0.43817877769470215 1.7857331037521362 0 1/00085.png

86 0.34085214138031006 0.86052882671356201 0.36161914467811584 -0.11198925971984863 -0.66530954837799072 0.5782439112663269 1.630154013633728 0 1/00090.png

87 0.35228109359741211 0.86119943857192993 0.35039231181144714 -0.10704554617404938 -0.68273508548736572 0.61508697271347046 1.5961459875106812 0 1/00091.png

88 0.30418112874031067 0.84321874380111694 0.41193568706512451 -0.16359987854957581 -0.49556922912597656 0.46467292308807373 1.7733027935028076 0 1/00086.png

89 0.32574087381362915 0.88728928565979004 0.31326895952224731 -0.092049084603786469 -0.62099319696426392 0.57391601800918579 1.5555533170700073 0 1/00095.png

90 0.33824661374092102 0.87335741519927979 0.33417409658432007 -0.10565857589244843 -0.63354170322418213 0.60226976871490479 1.5864452123641968 0 1/00093.png

91 0.31903126835823059 0.85261040925979614 0.39044868946075439 -0.13720226287841797 -0.57996368408203125 0.50778305530548096 1.7181177139282227 0 1/00088.png

92 0.30828437209129333 0.84697777032852173 0.40504607558250427 -0.15338549017906189 -0.52376902103424072 0.47552922368049622 1.7633936405181885 0 1/00087.png

93 0.34421369433403015 0.86891961097717285 0.34016871452331543 -0.10383140295743942 -0.65774798393249512 0.60705012083053589 1.5887949466705322 0 1/00092.png

94 0.3294563889503479 0.855418860912323 0.37763711810112 -0.13079485297203064 -0.60598009824752808 0.54549920558929443 1.686898946762085 0 1/00089.png

95 0.31539756059646606 0.90011608600616455 0.28668144345283508 -0.090161800384521484 -0.58196842670440674 0.57527256011962891 1.5215376615524292 0 1/00097.png

96 0.30632761120796204 0.90584278106689453 0.27047830820083618 -0.11159633100032806 -0.47625058889389038 0.59689128398895264 1.5182960033416748 0 1/00099.png

97 0.34025147557258606 0.87767112255096436 0.32171502709388733 -0.10208779573440552 -0.62143683433532715 0.61595159769058228 1.5577869415283203 0 1/00094.png

98 0.32511672377586365 0.89365994930267334 0.29592347145080566 -0.090001396834850311 -0.60559982061386108 0.58698999881744385 1.5186854600906372 0 1/00096.png

99 0.30481532216072083 0.91018569469451904 0.25871208310127258 -0.10824856907129288 -0.46177345514297485 0.59446209669113159 1.4838166236877441 0 1/00100.png

100 0.31208643317222595 0.91088992357254028 0.24841058254241943 -0.10570652782917023 -0.46121767163276672 0.61700630187988281 1.4622752666473389 0 1/00101.png

101 0.31530508399009705 0.90097123384475708 0.27814534306526184 -0.1070922315120697 -0.50679713487625122 0.60423886775970459 1.5109046697616577 0 1/00098.png

102 0.30384820699691772 0.91905295848846436 0.23397886753082275 -0.09094991534948349 -0.45936140418052673 0.58626556396484375 1.4360412359237671 0 1/00104.png

103 0.30672550201416016 0.91474413871765137 0.24337416887283325 -0.099658146500587463 -0.46167373657226562 0.60138064622879028 1.4589544534683228 0 1/00102.png

104 0.30010220408439636 0.91793084144592285 0.24137720465660095 -0.095282427966594696 -0.46077072620391846 0.58044552803039551 1.4523329734802246 0 1/00103.png

105 0.29480451345443726 0.93490326404571533 0.18862606585025787 -0.058875802904367447 -0.45838406682014465 0.57349258661270142 1.4120408296585083 0 1/00108.png

106 0.29410973191261292 0.9283033013343811 0.21498562395572662 -0.074387840926647186 -0.4598967432975769 0.55865192413330078 1.4211065769195557 0 1/00106.png

107 0.31104400753974915 0.9332316517829895 0.1719629317522049 -0.052525948733091354 -0.45659786462783813 0.62589561939239502 1.3950401544570923 0 1/00109.png

108 0.29094463586807251 0.92698711156845093 0.22298341989517212 -0.079528115689754486 -0.45739871263504028 0.55039578676223755 1.4346601963043213 0 1/00105.png

109 0.29732272028923035 0.93158882856369019 0.19818782806396484 -0.066805437207221985 -0.45748496055603027 0.57584017515182495 1.4152514934539795 0 1/00107.png

110 0.32394018769264221 0.93514823913574219 0.14073106646537781 -0.027482243254780769 -0.47798538208007812 0.67500734329223633 1.3726363182067871 0 1/00111.png

111 0.3136182427406311 0.93482470512390137 0.16145484149456024 -0.040971890091896057 -0.46685197949409485 0.63467216491699219 1.3885601758956909 0 1/00110.png

112 0.32550585269927979 0.93608808517456055 0.13114346563816071 -0.024215856567025185 -0.47031879425048828 0.6883469820022583 1.3774629831314087 0 1/00112.png

113 0.32842361927032471 0.93641149997711182 0.12128253281116486 -0.023704990744590759 -0.44101712107658386 0.70880508422851562 1.3925586938858032 0 1/00113.png

114 0.34094551205635071 0.93461805582046509 0.10010185092687607 -0.014997015707194805 -0.40173307061195374 0.76752132177352905 1.4063900709152222 0 1/00117.png

115 0.33977770805358887 0.93544483184814453 0.09621371328830719 -0.015395034104585648 -0.38548687100410461 0.77433443069458008 1.4234619140625 0 1/00118.png

116 0.3396182656288147 0.93575918674468994 0.094461962580680847 -0.0095442812889814377 -0.35747390985488892 0.78469973802566528 1.4415891170501709 0 1/00121.png

117 0.33661013841629028 0.93498015403747559 0.11047356575727463 -0.017359392717480659 -0.42670497298240662 0.74377584457397461 1.3968496322631836 0 1/00115.png

118 0.33420097827911377 0.93771696090698242 0.093812733888626099 -0.013991348445415497 -0.37123465538024902 0.76221251487731934 1.4389591217041016 0 1/00119.png

119 0.33409923315048218 0.93518316745758057 0.11579416692256927 -0.020045239478349686 -0.43339288234710693 0.72828119993209839 1.390984058380127 0 1/00114.png

120 0.33874800801277161 0.93474370241165161 0.10608940571546555 -0.015778699889779091 -0.41686078906059265 0.75458824634552002 1.4040497541427612 0 1/00116.png

121 0.356345534324646 0.93014603853225708 0.088571794331073761 -0.0011463211849331856 -0.36140567064285278 0.85123598575592041 1.4273903369903564 0 1/00123.png

122 0.36906349658966064 0.92561918497085571 0.083137825131416321 0.010459029115736485 -0.37295365333557129 0.90350168943405151 1.4011290073394775 0 1/00125.png

123 0.34676206111907959 0.93318313360214233 0.094250500202178955 -0.0064914058893918991 -0.35822361707687378 0.81844866275787354 1.4369251728057861 0 1/00122.png

124 0.38209253549575806 0.92098057270050049 0.075167559087276459 0.012245482765138149 -0.35485565662384033 0.94895535707473755 1.3830411434173584 0 1/00126.png

125 0.35806825757026672 0.92990058660507202 0.083926461637020111 0.0053232107311487198 -0.36771681904792786 0.8667486310005188 1.4251642227172852 0 1/00124.png

126 0.33676356077194214 0.93673205375671387 0.094807341694831848 -0.011615689843893051 -0.36462125182151794 0.7690923810005188 1.4387726783752441 0 1/00120.png

127 0.40905368328094482 0.91011202335357666 0.064546763896942139 0.014318450354039669 -0.30967718362808228 1.0340340137481689 1.3293761014938354 0 1/00128.png

128 0.40185260772705078 0.91392868757247925 0.044339567422866821 0.035817176103591919 -0.22421069443225861 1.0453630685806274 1.3285213708877563 0 1/00134.png

129 0.39310511946678162 0.91685646772384644 0.06854943186044693 0.011984509415924549 -0.31913065910339355 0.99647927284240723 1.3676857948303223 0 1/00127.png

130 0.41584035754203796 0.90733283758163452 0.059336822479963303 0.017412282526493073 -0.30004674196243286 1.0558182001113892 1.3161582946777344 0 1/00129.png

131 0.40523964166641235 0.91231095790863037 0.046681422740221024 0.035921934992074966 -0.20643292367458344 1.051775336265564 1.2892378568649292 0 1/00135.png

132 0.41227692365646362 0.90913873910903931 0.052309982478618622 0.027532503008842468 -0.28660878539085388 1.0573172569274902 1.3091521263122559 0 1/00131.png

133 0.41582494974136353 0.90767800807952881 0.048230286687612534 0.029734473675489426 -0.26944622397422791 1.0680124759674072 1.2942614555358887 0 1/00132.png

134 0.41315135359764099 0.90875118970870972 0.055253241211175919 0.020597903057932854 -0.29204052686691284 1.0559318065643311 1.3193060159683228 0 1/00130.png

135 0.41014066338539124 0.91034096479415894 0.04748370498418808 0.028446698561310768 -0.1702817976474762 1.074715256690979 1.2837961912155151 0 1/00136.png

136 0.41428694128990173 0.90857332944869995 0.043990936130285263 0.030422685667872429 -0.24376177787780762 1.0660717487335205 1.2992668151855469 0 1/00133.png

137 0.40887561440467834 0.91114217042922974 0.046638716012239456 0.021577337756752968 -0.13200792670249939 1.0797818899154663 1.2806212902069092 0 1/00137.png

138 0.41784757375717163 0.90714305639266968 0.048401311039924622 0.01233686413615942 -0.099575787782669067 1.1085407733917236 1.2424209117889404 0 1/00138.png

139 0.42687001824378967 0.90309548377990723 0.046879395842552185 0.0017089954344555736 -0.065532863140106201 1.1351346969604492 1.2201998233795166 0 1/00139.png

140 0.433319091796875 0.90053224563598633 0.035025201737880707 -0.0070302160456776619 -0.02451661229133606 1.1564614772796631 1.1919273138046265 0 1/00140.png

141 0.44602558016777039 0.89455914497375488 0.027348529547452927 -0.0087859919294714928 -0.011622995138168335 1.191338062286377 1.1461626291275024 0 1/00141.png

142 0.50290155410766602 0.86397409439086914 0.025197187438607216 -0.0019578416831791401 -0.047209322452545166 1.2721706628799438 0.89655500650405884 0 1/00146.png

143 0.46804630756378174 0.88338816165924072 0.023044027388095856 -0.0051829330623149872 -0.018899708986282349 1.2473855018615723 1.0729596614837646 0 1/00142.png

144 0.48717993497848511 0.86868524551391602 0.075441688299179077 -0.048479009419679642 0.01554185152053833 1.2233784198760986 0.88146007061004639 0 1/00150.png

145 0.50514096021652222 0.86277711391448975 0.021166170015931129 -0.0004128378932364285 -0.046967774629592896 1.2896945476531982 0.90796917676925659 0 1/00145.png

146 0.49392268061637878 0.86934822797775269 0.016531020402908325 -0.00091137411072850227 -0.034285306930541992 1.2806894779205322 0.96027690172195435 0 1/00144.png

147 0.49701178073883057 0.86721575260162354 0.028660578653216362 -0.0097256973385810852 -0.029628008604049683 1.2550351619720459 0.90786182880401611 0 1/00147.png

148 0.47576645016670227 0.87415111064910889 0.075491480529308319 -0.061701849102973938 0.071942746639251709 1.2014365196228027 0.82907891273498535 0 1/00156.png

149 0.48587694764137268 0.87130862474441528 0.059190098196268082 -0.035233817994594574 0.00023221969604492188 1.2182581424713135 0.88811028003692627 0 1/00149.png

150 0.49974089860916138 0.84298479557037354 0.078281372785568237 -0.18305099010467529 0.37516874074935913 1.2653267383575439 0.67673593759536743 0 1/00160.png

151 0.48151764273643494 0.86986082792282104 0.088539257645606995 -0.060363098978996277 0.033159315586090088 1.2118114233016968 0.88772845268249512 0 1/00151.png

152 0.48578354716300964 0.8738706111907959 0.018528435379266739 -0.0046068090014159679 -0.022727400064468384 1.2728184461593628 1.0036883354187012 0 1/00143.png

153 0.48774102330207825 0.87170118093490601 0.042783904820680618 -0.020377039909362793 -0.012319356203079224 1.2329610586166382 0.91321671009063721 0 1/00148.png

154 0.4734986424446106 0.87303751707077026 0.094626627862453461 -0.068192638456821442 0.048707008361816406 1.1977522373199463 0.90347641706466675 0 1/00152.png

155 0.48198404908180237 0.86730802059173584 0.10245006531476974 -0.070514366030693054 0.038385570049285889 1.2098624706268311 0.85549765825271606 0 1/00153.png

156 0.47166159749031067 0.8761715292930603 0.076749876141548157 -0.06299465149641037 0.073085010051727295 1.1910495758056641 0.86107003688812256 0 1/00155.png

157 0.48978635668754578 0.86414474248886108 0.068718016147613525 -0.092957518994808197 0.15661042928695679 1.2313694953918457 0.76447731256484985 0 1/00158.png

158 0.47768184542655945 0.87133115530014038 0.090431705117225647 -0.066515229642391205 0.054878711700439453 1.2047233581542969 0.86476999521255493 0 1/00154.png

159 0.50094014406204224 0.84770423173904419 0.074012458324432373 -0.15804637968540192 0.3049432635307312 1.2512340545654297 0.68247765302658081 0 1/00159.png

160 0.4979642927646637 0.83947724103927612 0.076310724020004272 -0.20368193089962006 0.43648892641067505 1.2557930946350098 0.63365662097930908 0 1/00161.png

161 0.48499149084091187 0.86816591024398804 0.075492218136787415 -0.073293715715408325 0.098374038934707642 1.219892144203186 0.79873126745223999 0 1/00157.png

162 0.4929492175579071 0.83768963813781738 0.057074110954999924 -0.22807841002941132 0.53332328796386719 1.2201306819915771 0.61101526021957397 0 1/00163.png

163 0.4984188973903656 0.84579372406005859 0.01016637496650219 -0.19002188742160797 0.57887548208236694 1.1758708953857422 0.6257128119468689 0 1/00164.png

164 0.50629043579101562 0.84514379501342773 -0.018479565158486366 -0.17047128081321716 0.59043329954147339 1.1600551605224609 0.63237112760543823 0 1/00165.png

165 0.50480365753173828 0.84928649663925171 -0.053441964089870453 -0.14501626789569855 0.60144305229187012 1.1221294403076172 0.68939363956451416 0 1/00166.png

166 0.49373200535774231 0.83754962682723999 0.067936338484287262 -0.22388388216495514 0.49814695119857788 1.2404651641845703 0.61900222301483154 0 1/00162.png

167 0.51267874240875244 0.84790432453155518 -0.12473102658987045 -0.051583848893642426 0.63392806053161621 1.0683099031448364 0.74281185865402222 0 1/00167.png

168 0.51693069934844971 0.83883696794509888 -0.1683090478181839 -0.028411915525794029 0.6388171911239624 1.0279200077056885 0.75429236888885498 0 1/00168.png

169 0.49455997347831726 0.83143812417984009 -0.25314587354660034 -0.0061752968467772007 0.68795967102050781 0.90271627902984619 0.85316967964172363 0 1/00169.png

170 0.47623533010482788 0.81866174936294556 -0.31879490613937378 0.036913514137268066 0.73790526390075684 0.78768956661224365 0.95243239402770996 0 1/00176.png

171 0.48571282625198364 0.8182140588760376 -0.30752786993980408 0.0059525310061872005 0.72808837890625 0.79405355453491211 0.89372432231903076 0 1/00173.png

172 0.48821890354156494 0.82231342792510986 -0.29229125380516052 -0.0029742855112999678 0.71271646022796631 0.8284420371055603 0.8817216157913208 0 1/00171.png

173 0.46421265602111816 0.82628107070922852 -0.31723511219024658 0.033587150275707245 0.80069541931152344 0.76175826787948608 0.98466277122497559 0 1/00179.png

174 0.49131011962890625 0.82626897096633911 -0.27548164129257202 -0.0019444733625277877 0.69305157661437988 0.86578977108001709 0.86665904521942139 0 1/00170.png

175 0.48462206125259399 0.82138293981552124 -0.30077505111694336 -0.0024473227094858885 0.72672140598297119 0.80324971675872803 0.88944321870803833 0 1/00172.png

176 0.4700184166431427 0.82291078567504883 -0.31703004240989685 0.037315908819437027 0.77515363693237305 0.77585101127624512 0.97500050067901611 0 1/00178.png

177 0.46149826049804688 0.82604020833969116 -0.32215502858161926 0.029884442687034607 0.83276188373565674 0.75125068426132202 0.99074602127075195 0 1/00180.png

178 0.45337027311325073 0.82396703958511353 -0.3393726646900177 0.018970994278788567 0.96105349063873291 0.70908474922180176 1.0074576139450073 0 1/00184.png

179 0.47676250338554382 0.81968414783477783 -0.31719166040420532 0.014319836162030697 0.72314763069152832 0.77758938074111938 0.92623937129974365 0 1/00174.png

180 0.47329980134963989 0.82066291570663452 -0.31804230809211731 0.036725420504808426 0.75613760948181152 0.78560793399810791 0.96498095989227295 0 1/00177.png

181 0.47274088859558105 0.82068806886672974 -0.31995183229446411 0.02486085519194603 0.71819055080413818 0.77441799640655518 0.94208115339279175 0 1/00175.png

182 0.45493030548095703 0.82738673686981201 -0.32826456427574158 0.02668289840221405 0.87852072715759277 0.72772282361984253 1.0043940544128418 0 1/00181.png

183 0.45291483402252197 0.82725703716278076 -0.33133834600448608 0.026998540386557579 0.89798569679260254 0.72459179162979126 1.0072870254516602 0 1/00182.png

184 0.45839065313339233 0.81905508041381836 -0.34499034285545349 0.0029018742498010397 1.0152566432952881 0.68910419940948486 0.98575401306152344 0 1/00185.png

185 0.45391762256622314 0.82576435804367065 -0.33372709155082703 0.026423752307891846 0.92003488540649414 0.72318446636199951 1.0054086446762085 0 1/00183.png

186 0.4563785195350647 0.81789511442184448 -0.35028684139251709 -0.0080841695889830589 1.0599296092987061 0.67327326536178589 0.98439252376556396 0 1/00186.png

187 0.459501713514328 0.8093380331993103 -0.36581486463546753 0.0030972170643508434 1.0973653793334961 0.67580956220626831 0.96487593650817871 0 1/00189.png

188 0.45352846384048462 0.81790351867675781 -0.35365352034568787 -0.016584791243076324 1.0903657674789429 0.65226244926452637 0.97795331478118896 0 1/00187.png

189 0.45429542660713196 0.81547170877456665 -0.35834631323814392 -0.01447055209428072 1.1041207313537598 0.64950269460678101 0.965240478515625 0 1/00188.png

190 0.45680037140846252 0.80772942304611206 -0.37254247069358826 0.01089620403945446 1.0967342853546143 0.68547576665878296 0.97727811336517334 0 1/00190.png

191 0.45493355393409729 0.80308735370635986 -0.38392052054405212 0.026290128007531166 1.0771712064743042 0.69073015451431274 0.98939180374145508 0 1/00191.png

192 0.45398649573326111 0.79353004693984985 -0.4025324285030365 0.046626854687929153 1.055894136428833 0.69253206253051758 1.0047199726104736 0 1/00193.png

193 0.45417621731758118 0.79801499843597412 -0.39430120587348938 0.037717070430517197 1.0723381042480469 0.69092333316802979 0.99636673927307129 0 1/00192.png

194 0.44917505979537964 0.79096972942352295 -0.4119497537612915 0.05390876904129982 1.0376670360565186 0.68216145038604736 1.0294852256774902 0 1/00194.png

195 0.44430667161941528 0.78729242086410522 -0.42354252934455872 0.05808645486831665 1.0264999866485596 0.66363286972045898 1.0448043346405029 0 1/00195.png

196 0.44293355941772461 0.7862168550491333 -0.42611706256866455 0.064007952809333801 1.0100861787796021 0.66581887006759644 1.047466516494751 0 1/00196.png

197 0.43331655859947205 0.78236991167068481 -0.43803671002388 0.090873673558235168 0.98157477378845215 0.68101763725280762 1.0811225175857544 0 1/00201.png

198 0.44062009453773499 0.78080213069915771 -0.43522348999977112 0.082355588674545288 0.98275899887084961 0.68275856971740723 1.0623427629470825 0 1/00199.png

199 0.44076231122016907 0.78512763977050781 -0.42936244606971741 0.07036367803812027 0.99733102321624756 0.67029422521591187 1.0552539825439453 0 1/00197.png

200 0.40650591254234314 0.78946113586425781 -0.44302242994308472 0.12343057245016098 1.00679612159729 0.73583000898361206 1.1067993640899658 0 1/00210.png

201 0.41904783248901367 0.78770041465759277 -0.43808501958847046 0.10958291590213776 0.96989250183105469 0.69935822486877441 1.1037642955780029 0 1/00205.png

202 0.43036872148513794 0.78195959329605103 -0.43971231579780579 0.099874600768089294 0.9800724983215332 0.69203424453735352 1.0872222185134888 0 1/00203.png

203 0.44045397639274597 0.78228074312210083 -0.43383881449699402 0.076295748353004456 0.98977828025817871 0.67356419563293457 1.058508038520813 0 1/00198.png

204 0.43837839365005493 0.78048878908157349 -0.43735983967781067 0.085894845426082611 0.9831390380859375 0.6810150146484375 1.0712394714355469 0 1/00200.png

205 0.4073164165019989 0.79241657257080078 -0.43879097700119019 0.11675537377595901 0.9631049633026123 0.70308160781860352 1.1273784637451172 0 1/00207.png

206 0.43234142661094666 0.78167873620986938 -0.43897855281829834 0.096732355654239655 0.97809708118438721 0.68870556354522705 1.0813044309616089 0 1/00202.png

207 0.42424535751342773 0.78546315431594849 -0.43821945786476135 0.10501088201999664 0.97766053676605225 0.69651365280151367 1.0976212024688721 0 1/00204.png

208 0.40731972455978394 0.79040610790252686 -0.44075137376785278 0.1228291243314743 0.97078275680541992 0.71853733062744141 1.1154584884643555 0 1/00208.png

209 0.40739730000495911 0.78907293081283569 -0.44248470664024353 0.12489476799964905 0.97968101501464844 0.72730803489685059 1.1114561557769775 0 1/00209.png

210 0.40846729278564453 0.78947019577026367 -0.43922844529151917 0.13026720285415649 1.0140146017074585 0.76826858520507812 1.0859106779098511 0 1/00212.png

211 0.40952619910240173 0.79076462984085083 -0.43434363603591919 0.13537080585956573 1.0191516876220703 0.79917389154434204 1.0748276710510254 0 1/00214.png

212 0.40918681025505066 0.79038083553314209 -0.4362260103225708 0.13255631923675537 1.0189919471740723 0.7865835428237915 1.0809462070465088 0 1/00213.png

213 0.41449844837188721 0.78936123847961426 -0.430885910987854 0.1394171416759491 1.0229251384735107 0.81758850812911987 1.0550358295440674 0 1/00215.png

214 0.41772457957267761 0.79029470682144165 -0.42268016934394836 0.14927156269550323 1.0141984224319458 0.85897010564804077 1.035070538520813 0 1/00217.png

215 0.40483811497688293 0.79715365171432495 -0.42118167877197266 0.15250599384307861 0.99436914920806885 0.86093759536743164 1.0497250556945801 0 1/00219.png

216 0.41555029153823853 0.79138803482055664 -0.42553392052650452 0.14122278988361359 1.0215109586715698 0.83975201845169067 1.0460290908813477 0 1/00216.png

217 0.40440323948860168 0.79120457172393799 -0.44111838936805725 0.1259680837392807 1.0077826976776123 0.74864774942398071 1.1012392044067383 0 1/00211.png

218 0.41136524081230164 0.7938542366027832 -0.42128583788871765 0.15196117758750916 1.000264048576355 0.86237257719039917 1.0453270673751831 0 1/00218.png

219 0.40058207511901855 0.79837667942047119 -0.42160221934318542 0.15614154934883118 0.98414838314056396 0.86838924884796143 1.0382508039474487 0 1/00222.png

220 0.4127480685710907 0.79056107997894287 -0.43749955296516418 0.11509274691343307 0.9600985050201416 0.70545482635498047 1.1176705360412598 0 1/00206.png

221 0.40575537085533142 0.7968515157699585 -0.41945809125900269 0.15634973347187042 0.98965251445770264 0.87237507104873657 1.0396606922149658 0 1/00220.png

222 0.39861768484115601 0.79943567514419556 -0.42230704426765442 0.15382850170135498 0.9887692928314209 0.8609546422958374 1.0545531511306763 0 1/00221.png

223 0.40608274936676025 0.79586619138717651 -0.41972401738166809 0.15976686775684357 0.98268592357635498 0.88483339548110962 1.0269187688827515 0 1/00223.png

224 0.40522024035453796 0.79638183116912842 -0.41751888394355774 0.16507731378078461 0.96685802936553955 0.89728593826293945 1.0296754837036133 0 1/00224.png

225 0.40134701132774353 0.78584998846054077 -0.4323304295539856 0.18560940027236938 0.87980961799621582 0.87700426578521729 1.0372505187988281 0 1/00230.png

226 0.40830692648887634 0.79334390163421631 -0.41550177335739136 0.1767742782831192 0.9380042552947998 0.91521620750427246 1.0201988220214844 0 1/00225.png

227 0.40519466996192932 0.79205340147018433 -0.41770836710929871 0.18435953557491302 0.91599845886230469 0.91696393489837646 1.0280712842941284 0 1/00226.png

228 0.39781206846237183 0.7852209210395813 -0.43677911162376404 0.18546608090400696 0.86436522006988525 0.85925346612930298 1.0435529947280884 0 1/00231.png

229 0.40077534317970276 0.78819268941879272 -0.42941349744796753 0.18367239832878113 0.89020609855651855 0.88542962074279785 1.0363335609436035 0 1/00229.png

230 0.40276196599006653 0.7899203896522522 -0.42322725057601929 0.18624500930309296 0.89331543445587158 0.90234756469726562 1.0341682434082031 0 1/00228.png

231 0.39101284742355347 0.77561140060424805 -0.4622502326965332 0.17849515378475189 0.83899641036987305 0.78049236536026001 1.0722545385360718 0 1/00234.png

232 0.40466165542602539 0.79127848148345947 -0.41805821657180786 0.18802805244922638 0.8980705738067627 0.9184686541557312 1.0263620615005493 0 1/00227.png

233 0.38353654742240906 0.77637159824371338 -0.47039961814880371 0.16991454362869263 0.83566963672637939 0.74127626419067383 1.0869734287261963 0 1/00235.png

234 0.39642000198364258 0.77703356742858887 -0.45209187269210815 0.18623384833335876 0.84266066551208496 0.82119482755661011 1.0557799339294434 0 1/00233.png

235 0.36008539795875549 0.76700544357299805 -0.51647281646728516 0.1236809566617012 0.81190848350524902 0.51358258724212646 1.1273239850997925 0 1/00241.png

236 0.39730238914489746 0.78119468688964844 -0.44309565424919128 0.18855223059654236 0.84975337982177734 0.84680372476577759 1.0464632511138916 0 1/00232.png

237 0.38268783688545227 0.77305507659912109 -0.47458285093307495 0.17523396015167236 0.80840718746185303 0.72780746221542358 1.0826504230499268 0 1/00236.png

238 0.37316626310348511 0.7729334831237793 -0.48365581035614014 0.17145825922489166 0.78477954864501953 0.68992233276367188 1.113358736038208 0 1/00237.png

239 0.36598891019821167 0.77324396371841431 -0.49327367544174194 0.15756580233573914 0.78657031059265137 0.64033704996109009 1.1315461397171021 0 1/00238.png

240 0.36357852816581726 0.76902157068252563 -0.50789707899093628 0.13585670292377472 0.8055109977722168 0.5549161434173584 1.119297981262207 0 1/00240.png

241 0.36421436071395874 0.77134823799133301 -0.50130349397659302 0.14513637125492096 0.79838848114013672 0.59434264898300171 1.1302683353424072 0 1/00239.png

242 0.31842836737632751 0.78953748941421509 -0.5134924054145813 0.10751506686210632 0.75867342948913574 0.41556242108345032 1.1895022392272949 0 1/00246.png

243 0.35639780759811401 0.76833510398864746 -0.51852959394454956 0.11734031140804291 0.80724716186523438 0.48931670188903809 1.130976676940918 0 1/00242.png

244 0.33037996292114258 0.78223925828933716 -0.51655471324920654 0.11010020226240158 0.76973056793212891 0.43507638573646545 1.1745927333831787 0 1/00245.png

245 0.35130482912063599 0.77143234014511108 -0.51822894811630249 0.11364804953336716 0.79714679718017578 0.47398445010185242 1.1375036239624023 0 1/00243.png

246 0.34163442254066467 0.77503013610839844 -0.51982885599136353 0.11132046580314636 0.78338122367858887 0.45068204402923584 1.160061240196228 0 1/00244.png

247 0.27980241179466248 0.81374150514602661 -0.49937000870704651 0.10082141309976578 0.72052514553070068 0.35626736283302307 1.2316008806228638 0 1/00249.png

248 0.25096842646598816 0.83245569467544556 -0.48669016361236572 0.084646046161651611 0.71944606304168701 0.29434680938720703 1.248988151550293 0 1/00251.png

249 0.29372626543045044 0.80527651309967041 -0.50380641222000122 0.10692855715751648 0.72601032257080078 0.38501656055450439 1.2193026542663574 0 1/00248.png

250 0.26488873362541199 0.8235587477684021 -0.4927310049533844 0.093813441693782806 0.71631073951721191 0.32684099674224854 1.2421402931213379 0 1/00250.png

251 0.23556475341320038 0.84158599376678467 -0.47995513677597046 0.07671608030796051 0.71803522109985352 0.26164540648460388 1.2573698759078979 0 1/00252.png

252 0.30630084872245789 0.79740166664123535 -0.50852525234222412 0.10831675678491592 0.74035143852233887 0.40271133184432983 1.2050340175628662 0 1/00247.png

253 0.224315345287323 0.84938263893127441 -0.47277587652206421 0.068663425743579865 0.72331547737121582 0.23724925518035889 1.2597109079360962 0 1/00253.png

254 0.21742366254329681 0.8565252423286438 -0.46393904089927673 0.062066048383712769 0.73194038867950439 0.22238919138908386 1.2658572196960449 0 1/00254.png

255 0.21279856562614441 0.87920397520065308 -0.42267921566963196 0.055311504751443863 0.72608685493469238 0.24548804759979248 1.2812639474868774 0 1/00258.png

256 0.20763300359249115 0.89655745029449463 -0.38874480128288269 0.044168651103973389 0.73635518550872803 0.25324755907058716 1.2920176982879639 0 1/00261.png

257 0.20307166874408722 0.90371114015579224 -0.37513735890388489 0.036605358123779297 0.73048758506774902 0.23523816466331482 1.2978348731994629 0 1/00263.png

258 0.20878279209136963 0.89212846755981445 -0.39768007397651672 0.048653632402420044 0.73440337181091309 0.25431340932846069 1.2890168428421021 0 1/00260.png

259 0.21370713412761688 0.86273497343063354 -0.45457324385643005 0.058145318180322647 0.73228251934051514 0.21945011615753174 1.2703360319137573 0 1/00255.png

260 0.21237173676490784 0.87402689456939697 -0.43328359723091125 0.056925900280475616 0.72475719451904297 0.23477417230606079 1.2762672901153564 0 1/00257.png

261 0.21127618849277496 0.88659632205963135 -0.40812960267066956 0.052340563386678696 0.72941935062408447 0.25317147374153137 1.2849307060241699 0 1/00259.png

262 0.20807577669620514 0.87068063020706177 -0.44214239716529846 0.055944010615348816 0.72753310203552246 0.22176721692085266 1.2780900001525879 0 1/00256.png

263 0.20491607487201691 0.9052397608757019 -0.37049543857574463 0.035827495157718658 0.71788680553436279 0.23430681228637695 1.3005838394165039 0 1/00264.png

264 0.22161857783794403 0.90945112705230713 -0.35077556967735291 0.027210840955376625 0.699241042137146 0.25817015767097473 1.2887232303619385 0 1/00267.png

265 0.20518334209918976 0.9007190465927124 -0.38088288903236389 0.039155963808298111 0.73712742328643799 0.24525955319404602 1.2965646982192993 0 1/00262.png

266 0.20667625963687897 0.90657413005828857 -0.36650601029396057 0.032888934016227722 0.70811200141906738 0.23286029696464539 1.3027138710021973 0 1/00265.png

267 0.20898300409317017 0.90840053558349609 -0.36088374257087708 0.029959065839648247 0.70208382606506348 0.23551094532012939 1.3031163215637207 0 1/00266.png

268 0.2470291405916214 0.91846215724945068 -0.30849117040634155 0.015399055555462837 0.68569779396057129 0.33563467860221863 1.2800271511077881 0 1/00271.png

269 0.23601341247558594 0.91286516189575195 -0.33244234323501587 0.021376404911279678 0.70070946216583252 0.29777613282203674 1.287064790725708 0 1/00269.png

270 0.23087558150291443 0.91050159931182861 -0.34214279055595398 0.024930525571107864 0.69852364063262939 0.28175202012062073 1.2857217788696289 0 1/00268.png

271 0.2564910352230072 0.9231332540512085 -0.28623798489570618 0.010254881344735622 0.65552175045013428 0.3682158887386322 1.2833306789398193 0 1/00274.png

272 0.23762600123882294 0.91700536012649536 -0.3198983371257782 0.01732698455452919 0.6936650276184082 0.3091297447681427 1.286340594291687 0 1/00270.png

273 0.2650202214717865 0.92484194040298462 -0.27272534370422363 0.0072515727952122688 0.63172376155853271 0.3995693027973175 1.2860398292541504 0 1/00276.png

274 0.25020679831504822 0.92337882518768311 -0.29093968868255615 0.011054053902626038 0.66661465167999268 0.35964062809944153 1.2932726144790649 0 1/00273.png

275 0.26486492156982422 0.92243623733520508 -0.28086131811141968 0.0086532458662986755 0.64608335494995117 0.38987207412719727 1.2786726951599121 0 1/00275.png

276 0.25384563207626343 0.9194064736366272 -0.30008065700531006 0.014346635900437832 0.67946541309356689 0.35725998878479004 1.2813023328781128 0 1/00272.png

277 0.27957087755203247 0.92332583665847778 -0.26326021552085876 0.0018700530054047704 0.62317276000976562 0.42441031336784363 1.2634499073028564 0 1/00278.png

278 0.28316685557365417 0.92511886358261108 -0.25291049480438232 -0.002827261108905077 0.60656207799911499 0.43677031993865967 1.2615022659301758 0 1/00280.png

279 0.27002108097076416 0.92479372024536133 -0.2680116593837738 0.00385498465038836 0.62589943408966064 0.40455886721611023 1.2751541137695312 0 1/00277.png

280 0.28212770819664001 0.92422652244567871 -0.25731131434440613 -0.00045944869634695351 0.61784684658050537 0.4338470995426178 1.2646332979202271 0 1/00279.png

281 0.28746113181114197 0.92512863874435425 -0.24797369539737701 -0.003496087621897459 0.542258620262146 0.45301735401153564 1.2574015855789185 0 1/00283.png

282 0.28447374701499939 0.92508512735366821 -0.25154784321784973 -0.0039795283228158951 0.59191036224365234 0.4399426281452179 1.2610087394714355 0 1/00281.png

283 0.29060661792755127 0.92417949438095093 -0.24782893061637878 -0.0045672338455915451 0.52555793523788452 0.46201539039611816 1.2603219747543335 0 1/00284.png

284 0.29039132595062256 0.92492872476577759 -0.24515888094902039 -0.0087678544223308563 0.51492637395858765 0.46143010258674622 1.2622380256652832 0 1/00285.png

285 0.30663776397705078 0.92074364423751831 -0.24112164974212646 -0.0080490289255976677 0.48516970872879028 0.50811028480529785 1.2469546794891357 0 1/00287.png

286 0.30961942672729492 0.92240315675735474 -0.23050770163536072 -0.013207769021391869 0.44954699277877808 0.53351855278015137 1.2523831129074097 0 1/00289.png

287 0.28365141153335571 0.92591959238052368 -0.24939386546611786 -0.0041694850660860538 0.56851935386657715 0.44077673554420471 1.2623339891433716 0 1/00282.png

288 0.31292447447776794 0.92763864994049072 -0.20175701379776001 -0.029307268559932709 0.37883502244949341 0.61273068189620972 1.2683289051055908 0 1/00292.png

289 0.29792407155036926 0.92307752370834351 -0.24309608340263367 -0.008570818230509758 0.50074690580368042 0.47802841663360596 1.2483714818954468 0 1/00286.png

290 0.306144118309021 0.92221254110336304 -0.23589992523193359 -0.012293594889342785 0.47162723541259766 0.51854252815246582 1.2590759992599487 0 1/00288.png

291 0.31597316265106201 0.92137748003005981 -0.22591570019721985 -0.013663038611412048 0.42695730924606323 0.56640791893005371 1.2487149238586426 0 1/00290.png

292 0.32083478569984436 0.92863553762435913 -0.18482440710067749 -0.023261036723852158 0.32412022352218628 0.67113393545150757 1.2884336709976196 0 1/00294.png

293 0.32383537292480469 0.92858856916427612 -0.18021750450134277 -0.019382869824767113 0.31042462587356567 0.68686187267303467 1.3055020570755005 0 1/00295.png

294 0.3169693648815155 0.9279944896697998 -0.19322611391544342 -0.031942635774612427 0.35441166162490845 0.64209878444671631 1.2659435272216797 0 1/00293.png

295 0.31690394878387451 0.92422771453857422 -0.21186627447605133 -0.022086188197135925 0.40379643440246582 0.59502679109573364 1.2643259763717651 0 1/00291.png

296 0.33209383487701416 0.92690294981002808 -0.17435938119888306 -0.012779938988387585 0.29300713539123535 0.714580237865448 1.294851541519165 0 1/00296.png

297 0.34669873118400574 0.92585432529449463 -0.1501019150018692 0.0079449228942394257 0.22662276029586792 0.78708481788635254 1.317365288734436 0 1/00299.png

298 0.3393130898475647 0.92597150802612305 -0.16559773683547974 -0.0045521226711571217 0.27058368921279907 0.74443799257278442 1.2951055765151978 0 1/00297.png

299 0.33992907404899597 0.92714798450469971 -0.15761874616146088 -0.001053060288541019 0.2540784478187561 0.7614753246307373 1.3256896734237671 0 1/00298.png

300 0.35445967316627502 0.92419391870498657 -0.14104916155338287 0.0181419737637043 0.19349169731140137 0.8190961480140686 1.3134725093841553 0 1/00300.png

301 0.39131766557693481 0.91341650485992432 -0.11154934018850327 0.0098765473812818527 0.24738579988479614 0.96343183517456055 1.3726530075073242 0 1/00305.png

302 0.38139563798904419 0.91565686464309692 -0.12540830671787262 0.019560119137167931 0.19037634134292603 0.90759408473968506 1.294299840927124 0 1/00303.png

303 0.38704314827919006 0.91431361436843872 -0.11825791001319885 0.015595218166708946 0.21190667152404785 0.9415665864944458 1.3277219533920288 0 1/00304.png

304 0.36581292748451233 0.9209405779838562 -0.1329057365655899 0.019632179290056229 0.18775689601898193 0.86593955755233765 1.3356540203094482 0 1/00302.png

305 0.35925593972206116 0.92293661832809448 -0.13671153783798218 0.02081175334751606 0.18361711502075195 0.83987176418304443 1.3239403963088989 0 1/00301.png

306 0.39394721388816833 0.91471731662750244 -0.089705176651477814 -0.0071231168694794178 0.29529684782028198 0.98388910293579102 1.3887274265289307 0 1/00307.png

307 0.39297541975975037 0.91431659460067749 -0.097946211695671082 -0.0014336504973471165 0.27468293905258179 0.97276699542999268 1.3766258955001831 0 1/00306.png

308 0.40456962585449219 0.91167843341827393 -0.071194954216480255 -0.0098514808341860771 0.28850638866424561 1.0304358005523682 1.3881549835205078 0 1/00309.png

309 0.39905473589897156 0.91308218240737915 -0.083172082901000977 -0.010897974483668804 0.30478209257125854 1.0050222873687744 1.3836838006973267 0 1/00308.png

310 0.40568175911903381 0.91193497180938721 -0.061117891222238541 -0.0078391917049884796 0.26087707281112671 1.0471677780151367 1.4005017280578613 0 1/00310.png

311 0.40863636136054993 0.91101288795471191 -0.054496835917234421 -0.010095357894897461 0.24613422155380249 1.0664166212081909 1.4020674228668213 0 1/00311.png

312 0.47762638330459595 0.8758043646812439 0.038046307861804962 0.058243442326784134 -0.20411328971385956 1.360292911529541 1.2912592887878418 0 1/00320.png

313 0.43158385157585144 0.90182167291641235 -0.0019604428671300411 0.021195705980062485 -0.02792513370513916 1.2200381755828857 1.4163923263549805 0 1/00317.png

314 0.4489540159702301 0.89257711172103882 0.010545593686401844 0.040436580777168274 -0.10920360684394836 1.272971510887146 1.3654189109802246 0 1/00318.png

315 0.41263461112976074 0.91017121076583862 -0.035850223153829575 -0.0059781838208436966 0.19195801019668579 1.0967180728912354 1.4221243858337402 0 1/00313.png

316 0.42348378896713257 0.90576052665710449 -0.010776672512292862 0.011967788450419903 0.044334679841995239 1.1793850660324097 1.4320400953292847 0 1/00316.png

317 0.41432252526283264 0.90903586149215698 -0.043880969285964966 -0.0080679869279265404 0.21918576955795288 1.082899808883667 1.4012858867645264 0 1/00312.png

318 0.41526216268539429 0.90957432985305786 -0.013991817831993103 0.0060167121700942516 0.1055886447429657 1.1319174766540527 1.4452086687088013 0 1/00315.png

319 0.40919676423072815 0.91213268041610718 -0.023431327193975449 -0.0047983778640627861 0.16011619567871094 1.1032557487487793 1.4490488767623901 0 1/00314.png

320 0.49567887187004089 0.8617628812789917 0.097961202263832092 0.045506678521633148 -0.23518453538417816 1.4236373901367188 1.2713398933410645 0 1/00323.png

321 0.49471187591552734 0.8639405369758606 0.077957406640052795 0.052815921604633331 -0.23851574957370758 1.4102426767349243 1.2545263767242432 0 1/00322.png

322 0.48596924543380737 0.86983734369277954 0.060137871652841568 0.06000177189707756 -0.24061749875545502 1.3792281150817871 1.2648289203643799 0 1/00321.png

323 0.49097710847854614 0.86044436693191528 0.12961919605731964 0.04214080423116684 -0.26224961876869202 1.4051237106323242 1.2902121543884277 0 1/00324.png

324 0.46684694290161133 0.88257318735122681 0.022790703922510147 0.050980847328901291 -0.16278067231178284 1.3321435451507568 1.3236792087554932 0 1/00319.png

325 0.49919906258583069 0.84049844741821289 0.20266076922416687 0.057369470596313477 -0.44448360800743103 1.3786166906356812 1.1945748329162598 0 1/00328.png

326 0.49750432372093201 0.84583449363708496 0.18584971129894257 0.05013279989361763 -0.3879304826259613 1.3917707204818726 1.2270292043685913 0 1/00327.png

327 0.49047014117240906 0.85753333568572998 0.14953403174877167 0.041413400322198868 -0.28745374083518982 1.3913884162902832 1.2735687494277954 0 1/00325.png

328 0.50527817010879517 0.83220183849334717 0.22117745876312256 0.056697249412536621 -0.47585105895996094 1.3631765842437744 1.1646614074707031 0 1/00329.png

329 0.49130579829216003 0.83279556035995483 0.24849681556224823 0.05761510506272316 -0.50383752584457397 1.3209834098815918 1.2388676404953003 0 1/00330.png

330 0.4591803252696991 0.84235000610351562 0.27692782878875732 0.053952157497406006 -0.49437561631202698 1.1754279136657715 1.285128116607666 0 1/00332.png

331 0.4924280047416687 0.85335808992385864 0.16551133990287781 0.043595235794782639 -0.32567036151885986 1.3947532176971436 1.2533217668533325 0 1/00326.png

332 0.47410634160041809 0.83746206760406494 0.26570054888725281 0.057303257286548615 -0.5056571364402771 1.2424343824386597 1.266466498374939 0 1/00331.png

333 0.44514098763465881 0.84551995992660522 0.29023337364196777 0.05205928161740303 -0.49197602272033691 1.1225305795669556 1.30698561668396 0 1/00333.png

334 0.43025293946266174 0.85048878192901611 0.29781472682952881 0.053457222878932953 -0.48752689361572266 1.0727810859680176 1.3357458114624023 0 1/00334.png

335 0.42022967338562012 0.85455667972564697 0.30106309056282043 0.050010267645120621 -0.47152531147003174 1.0293647050857544 1.3379745483398438 0 1/00335.png

336 0.40227028727531433 0.86813801527023315 0.28949728608131409 0.026578314602375031 -0.38436341285705566 1.0023505687713623 1.3829993009567261 0 1/00337.png

337 0.41224902868270874 0.86115396022796631 0.29504886269569397 0.037560533732175827 -0.43334245681762695 1.0189414024353027 1.3547163009643555 0 1/00336.png

338 0.3966335654258728 0.87157154083251953 0.28540334105491638 -0.039873544126749039 -0.27312028408050537 1.0094829797744751 1.3746024370193481 0 1/00339.png

339 0.39278316497802734 0.87400126457214355 0.27416005730628967 -0.081727735698223114 -0.19153045117855072 1.0261486768722534 1.3964825868606567 0 1/00341.png

340 0.40077498555183411 0.86430329084396362 0.24590195715427399 -0.17858166992664337 -0.063619315624237061 1.0444270372390747 1.4049391746520996 0 1/00348.png

341 0.39824214577674866 0.87133419513702393 0.28663703799247742 0.0043677515350282192 -0.33116751909255981 0.99665266275405884 1.380898118019104 0 1/00338.png

342 0.40625530481338501 0.86144775152206421 0.23960413038730621 -0.18829277157783508 -0.058359503746032715 1.0544815063476562 1.3989632129669189 0 1/00349.png

343 0.39402264356613159 0.87228947877883911 0.28234660625457764 -0.064323566854000092 -0.23317073285579681 1.0187304019927979 1.3850555419921875 0 1/00340.png

344 0.41582998633384705 0.85513591766357422 0.22789116203784943 -0.20950767397880554 -0.049148917198181152 1.0650895833969116 1.3877667188644409 0 1/00351.png

345 0.38454481959342957 0.87697035074234009 0.27013072371482849 -0.10038725286722183 -0.15621757507324219 1.0139286518096924 1.4206408262252808 0 1/00342.png

346 0.39487335085868835 0.86798876523971558 0.25267019867897034 -0.16379354894161224 -0.076786190271377563 1.0354137420654297 1.4168118238449097 0 1/00347.png

347 0.38392028212547302 0.87566453218460083 0.27043968439102173 -0.1126021221280098 -0.14243756234645844 1.0066180229187012 1.4129631519317627 0 1/00343.png

348 0.39131990075111389 0.87170952558517456 0.2598736584186554 -0.13948836922645569 -0.11434522271156311 1.0274620056152344 1.4086353778839111 0 1/00345.png

349 0.39274483919143677 0.87065041065216064 0.25511667132377625 -0.15044914186000824 -0.10071665048599243 1.0310741662979126 1.4128779172897339 0 1/00346.png

350 0.38752946257591248 0.87266713380813599 0.26856023073196411 -0.12707617878913879 -0.12734249234199524 1.0187464952468872 1.4105038642883301 0 1/00344.png

351 0.41029897332191467 0.85864555835723877 0.23384876549243927 -0.19924193620681763 -0.048523008823394775 1.0619145631790161 1.4001356363296509 0 1/00350.png

352 0.45319393277168274 0.8369324803352356 0.208049476146698 -0.2255541980266571 -0.17406496405601501 1.0948880910873413 1.3334780931472778 0 1/00356.png

353 0.42272871732711792 0.85058552026748657 0.22454749047756195 -0.21767681837081909 -0.053208917379379272 1.0795630216598511 1.376995325088501 0 1/00352.png

354 0.43513265252113342 0.84438210725784302 0.2149716317653656 -0.22686031460762024 -0.091181248426437378 1.0800505876541138 1.364516019821167 0 1/00354.png

355 0.43042641878128052 0.84573614597320557 0.21908926963806152 -0.22685559093952179 -0.058036088943481445 1.0919188261032104 1.3726969957351685 0 1/00353.png

356 0.4430161714553833 0.84146267175674438 0.21104580163955688 -0.2261345386505127 -0.13157489895820618 1.0834338665008545 1.3478467464447021 0 1/00355.png

357 0.46625927090644836 0.82986390590667725 0.2084982693195343 -0.22462588548660278 -0.23530277609825134 1.0815320014953613 1.3164583444595337 0 1/00358.png

358 0.46223950386047363 0.83235126733779907 0.20957545936107635 -0.2227197140455246 -0.21580429375171661 1.0883235931396484 1.3183391094207764 0 1/00357.png

359 0.46371579170227051 0.83086317777633667 0.20803007483482361 -0.22662188112735748 -0.24973225593566895 1.0546817779541016 1.3328323364257812 0 1/00359.png

360 0.45386534929275513 0.83083152770996094 0.21531647443771362 -0.23950804769992828 -0.24941363930702209 0.96586704254150391 1.3794568777084351 0 1/00362.png

361 0.46069541573524475 0.83014726638793945 0.21100157499313354 -0.23258031904697418 -0.25601530075073242 1.0255064964294434 1.3439381122589111 0 1/00360.png

362 0.45736491680145264 0.83049345016479492 0.21350950002670288 -0.23560918867588043 -0.26003947854042053 0.98591220378875732 1.3355987071990967 0 1/00361.png

363 0.44219392538070679 0.83449280261993408 0.22035712003707886 -0.2439856231212616 -0.22989463806152344 0.92825913429260254 1.4283452033996582 0 1/00363.png

364 0.43115207552909851 0.83816999197006226 0.2312171459197998 -0.24107588827610016 -0.22857831418514252 0.87933957576751709 1.4774878025054932 0 1/00364.png

365 0.43264883756637573 0.83678525686264038 0.2374206930398941 -0.23714281618595123 -0.24925333261489868 0.86554050445556641 1.4964121580123901 0 1/00365.png

366 0.43386092782020569 0.83675098419189453 0.24818301200866699 -0.22364626824855804 -0.30101093649864197 0.84573721885681152 1.5248948335647583 0 1/00366.png

367 0.43514096736907959 0.83664059638977051 0.26948946714401245 -0.19509047269821167 -0.43993827700614929 0.76881051063537598 1.6059384346008301 0 1/00371.png

368 0.43414592742919922 0.83951520919799805 0.2509797215461731 -0.20914280414581299 -0.35551807284355164 0.8237641453742981 1.5410044193267822 0 1/00367.png

369 0.43541607260704041 0.84050166606903076 0.25946876406669617 -0.19143082201480865 -0.43390625715255737 0.78182744979858398 1.5604273080825806 0 1/00369.png

370 0.43179672956466675 0.83758187294006348 0.27076068520545959 -0.19671532511711121 -0.44463399052619934 0.74928200244903564 1.6226071119308472 0 1/00372.png

371 0.41998183727264404 0.84391224384307861 0.27739596366882324 -0.1856849193572998 -0.52026021480560303 0.66906112432479858 1.6642496585845947 0 1/00375.png

372 0.42989653348922729 0.8397756814956665 0.27191266417503357 -0.18981361389160156 -0.50033175945281982 0.7159314751625061 1.6410691738128662 0 1/00374.png

373 0.4384385347366333 0.83689486980438232 0.26436018943786621 -0.1936294287443161 -0.44007298350334167 0.78619921207427979 1.5785883665084839 0 1/00370.png

374 0.43133503198623657 0.8432687520980835 0.25439929962158203 -0.19526651501655579 -0.4044279158115387 0.7881738543510437 1.5589249134063721 0 1/00368.png

375 0.42703321576118469 0.83924144506454468 0.28452441096305847 -0.17989523708820343 -0.58755826950073242 0.65175700187683105 1.6583436727523804 0 1/00377.png

376 0.43204143643379211 0.83798134326934814 0.2707182765007019 -0.19452276825904846 -0.47154828906059265 0.73710453510284424 1.6263159513473511 0 1/00373.png

377 0.42112058401107788 0.8432769775390625 0.27988097071647644 -0.18223069608211517 -0.55342471599578857 0.64699381589889526 1.6565251350402832 0 1/00376.png

378 0.42452657222747803 0.83796513080596924 0.29466918110847473 -0.17539000511169434 -0.60952115058898926 0.62121093273162842 1.6802479028701782 0 1/00378.png

379 0.41983568668365479 0.83813017606735229 0.30255427956581116 -0.17244376242160797 -0.62610572576522827 0.5811692476272583 1.692486047744751 0 1/00379.png

380 0.42640337347984314 0.83316278457641602 0.30891385674476624 -0.16909211874008179 -0.65681755542755127 0.57629531621932983 1.6834770441055298 0 1/00380.png

381 0.42829322814941406 0.8292117714881897 0.31653916835784912 -0.16963434219360352 -0.67109149694442749 0.57317042350769043 1.7020156383514404 0 1/00381.png

382 0.41744464635848999 0.8194955587387085 0.33598506450653076 -0.20317700505256653 -0.59363019466400146 0.5571284294128418 1.7909222841262817 0 1/00385.png

383 0.42366224527359009 0.82965230941772461 0.32061666250228882 -0.17144182324409485 -0.67146897315979004 0.55181205272674561 1.7223811149597168 0 1/00382.png

384 0.42048069834709167 0.82328295707702637 0.3303227424621582 -0.19049416482448578 -0.63204193115234375 0.55597639083862305 1.7642560005187988 0 1/00384.png

385 0.41499572992324829 0.81384855508804321 0.34612125158309937 -0.213609978556633 -0.57344585657119751 0.55201846361160278 1.8265001773834229 0 1/00387.png

386 0.41866329312324524 0.8153647780418396 0.33906713128089905 -0.21197834610939026 -0.57391875982284546 0.56320810317993164 1.8030909299850464 0 1/00386.png

387 0.42265966534614563 0.82821238040924072 0.32234856486320496 -0.17752300202846527 -0.66305583715438843 0.54904448986053467 1.730573296546936 0 1/00383.png

388 0.41320937871932983 0.81101477146148682 0.3534621000289917 -0.21581849455833435 -0.58158069849014282 0.53702056407928467 1.8538749217987061 0 1/00389.png

389 0.41355225443840027 0.80428886413574219 0.37027603387832642 -0.21210744976997375 -0.60418075323104858 0.49494394659996033 1.8706437349319458 0 1/00391.png

390 0.41170188784599304 0.80892282724380493 0.36166933178901672 -0.21293370425701141 -0.59581577777862549 0.51094722747802734 1.8659241199493408 0 1/00390.png

391 0.41395360231399536 0.81225824356079102 0.35021141171455383 -0.21501372754573822 -0.57491892576217651 0.5447041392326355 1.8400833606719971 0 1/00388.png

392 0.41467544436454773 0.80074280500411987 0.37639603018760681 -0.21255894005298615 -0.6089557409286499 0.48654627799987793 1.8798530101776123 0 1/00392.png

393 0.41384592652320862 0.79597491025924683 0.38524174690246582 -0.21620422601699829 -0.60344427824020386 0.47694480419158936 1.8985623121261597 0 1/00393.png

394 0.41267326474189758 0.78947418928146362 0.39712142944335938 -0.22073909640312195 -0.58746421337127686 0.46478044986724854 1.9282737970352173 0 1/00395.png

395 0.41267770528793335 0.78066170215606689 0.41035714745521545 -0.22775310277938843 -0.5704115629196167 0.45457363128662109 1.9613580703735352 0 1/00397.png

396 0.39481228590011597 0.77253782749176025 0.43336203694343567 -0.24393829703330994 -0.49953514337539673 0.3886779248714447 2.0517728328704834 0 1/00401.png

397 0.39858546853065491 0.77497386932373047 0.42889460921287537 -0.23789604008197784 -0.51999557018280029 0.39250555634498596 2.0253534317016602 0 1/00400.png

398 0.41180717945098877 0.79340469837188721 0.39108198881149292 -0.21904037892818451 -0.59135746955871582 0.46931460499763489 1.9160925149917603 0 1/00394.png

399 0.38206008076667786 0.76808607578277588 0.45066192746162415 -0.24693658947944641 -0.48576539754867554 0.31747680902481079 2.1124134063720703 0 1/00405.png

400 0.38567054271697998 0.76989656686782837 0.44477871060371399 -0.24635255336761475 -0.47627869248390198 0.35226219892501831 2.0913736820220947 0 1/00402.png

401 0.40767237544059753 0.77928823232650757 0.4156728982925415 -0.23179528117179871 -0.55290263891220093 0.4368341863155365 1.9873735904693604 0 1/00398.png

402 0.40020233392715454 0.77698302268981934 0.42453640699386597 -0.23644083738327026 -0.52941787242889404 0.40514099597930908 2.0133230686187744 0 1/00399.png

403 0.41320747137069702 0.7833554744720459 0.40677204728126526 -0.22394242882728577 -0.58120918273925781 0.45630636811256409 1.9457920789718628 0 1/00396.png

404 0.38457164168357849 0.76333051919937134 0.44748866558074951 -0.26303055882453918 -0.46373215317726135 0.37475684285163879 2.1230134963989258 0 1/00407.png

405 0.3836040198802948 0.76903098821640015 0.44853705167770386 -0.24546654522418976 -0.4741574227809906 0.3241402804851532 2.0952081680297852 0 1/00403.png

406 0.38456010818481445 0.7678418755531311 0.45024397969245911 -0.24456638097763062 -0.48458999395370483 0.31938529014587402 2.098175048828125 0 1/00404.png

407 0.38074547052383423 0.76680725812911987 0.4506896436214447 -0.25282081961631775 -0.47594481706619263 0.33102774620056152 2.1165149211883545 0 1/00406.png

408 0.39160323143005371 0.75178879499435425 0.45721250772476196 -0.2691044807434082 -0.47798970341682434 0.41736125946044922 2.1284618377685547 0 1/00410.png

409 0.38761666417121887 0.75548124313354492 0.45586749911308289 -0.26680734753608704 -0.46957305073738098 0.39242488145828247 2.1297440528869629 0 1/00409.png

410 0.39375770092010498 0.74702227115631104 0.46180710196495056 -0.2713795006275177 -0.48196807503700256 0.4286174476146698 2.1298301219940186 0 1/00411.png

411 0.38285356760025024 0.76063013076782227 0.45228511095046997 -0.26514753699302673 -0.46011069416999817 0.37863233685493469 2.1413905620574951 0 1/00408.png

412 0.3973938524723053 0.74424570798873901 0.46074435114860535 -0.2754833996295929 -0.48758584260940552 0.45722150802612305 2.1138465404510498 0 1/00412.png

413 0.40251860022544861 0.73398149013519287 0.46187159419059753 -0.29312899708747864 -0.4652324914932251 0.52928084135055542 2.1078932285308838 0 1/00414.png

414 0.40367758274078369 0.73961937427520752 0.45792260766029358 -0.28339800238609314 -0.48637688159942627 0.50382429361343384 2.0989389419555664 0 1/00413.png

415 0.40487295389175415 0.72863948345184326 0.46365520358085632 -0.30031007528305054 -0.45175233483314514 0.5515105128288269 2.09212327003479 0 1/00415.png

416 0.41236084699630737 0.71315377950668335 0.47355937957763672 -0.31162747740745544 -0.48159009218215942 0.61026298999786377 2.0409460067749023 0 1/00419.png

417 0.4074920117855072 0.72128987312316895 0.46804368495941162 -0.30761405825614929 -0.45617246627807617 0.59174507856369019 2.0872786045074463 0 1/00417.png

418 0.40890902280807495 0.72269773483276367 0.46487200260162354 -0.30723842978477478 -0.4499468207359314 0.58642548322677612 2.0769102573394775 0 1/00416.png

419 0.40639936923980713 0.72039532661437988 0.47166275978088379 -0.30562135577201843 -0.47265034914016724 0.58228409290313721 2.0694656372070312 0 1/00418.png

420 0.40478813648223877 0.70953214168548584 0.48346459865570068 -0.31459921598434448 -0.5333404541015625 0.6282159686088562 2.0125017166137695 0 1/00424.png

421 0.41055223345756531 0.71086966991424561 0.47625648975372314 -0.31510484218597412 -0.48123806715011597 0.6194419264793396 2.0452473163604736 0 1/00420.png

422 0.40845668315887451 0.71161007881164551 0.47783109545707703 -0.31376999616622925 -0.49133610725402832 0.6180921196937561 2.0351314544677734 0 1/00421.png

423 0.40081441402435303 0.71977227926254272 0.4760327935218811 -0.30768224596977234 -0.65897238254547119 0.68958449363708496 1.9595093727111816 0 1/00430.png

424 0.40856379270553589 0.71433019638061523 0.47427701950073242 -0.31284072995185852 -0.63153254985809326 0.69409728050231934 1.9586009979248047 0 1/00428.png

425 0.4076501727104187 0.70930588245391846 0.48025184869766235 -0.31632998585700989 -0.4990631639957428 0.62865930795669556 2.0295908451080322 0 1/00422.png

426 0.40313431620597839 0.71827077865600586 0.47584423422813416 -0.30845120549201965 -0.64815318584442139 0.68757528066635132 1.9684891700744629 0 1/00429.png

427 0.40499746799468994 0.71030783653259277 0.48216146230697632 -0.31457948684692383 -0.55571627616882324 0.63822340965270996 1.9994935989379883 0 1/00425.png

428 0.40747168660163879 0.70723408460617065 0.48420661687850952 -0.31516796350479126 -0.51593911647796631 0.62456721067428589 2.021881103515625 0 1/00423.png

429 0.40745094418525696 0.71259546279907227 0.47844246029853821 -0.31190416216850281 -0.60829561948776245 0.66559678316116333 1.9662430286407471 0 1/00427.png

430 0.4042491614818573 0.71244543790817261 0.48238372802734375 -0.31033849716186523 -0.58322823047637939 0.63934588432312012 1.9903080463409424 0 1/00426.png

431 0.39796426892280579 0.72247987985610962 0.47396081686019897 -0.30823442339897156 -0.66543233394622803 0.70637732744216919 1.9611846208572388 0 1/00431.png

432 0.40029150247573853 0.71869301795959473 0.48629701137542725 -0.29455435276031494 -0.72985786199569702 0.71994596719741821 1.9455089569091797 0 1/00434.png

433 0.40002754330635071 0.71649807691574097 0.49059104919433594 -0.29313650727272034 -0.7369917631149292 0.72350054979324341 1.9488122463226318 0 1/00435.png

434 0.39201506972312927 0.72628176212310791 0.48066112399101257 -0.29631713032722473 -0.7068483829498291 0.70289731025695801 1.9662011861801147 0 1/00433.png

435 0.39090269804000854 0.72778332233428955 0.4764254093170166 -0.30090746283531189 -0.68281197547912598 0.69789707660675049 1.9720597267150879 0 1/00432.png

436 0.39225408434867859 0.71943873167037964 0.49377942085266113 -0.29107823967933655 -0.73333406448364258 0.71468263864517212 1.9641059637069702 0 1/00436.png

437 0.39279216527938843 0.71088278293609619 0.49964922666549683 -0.30118227005004883 -0.704825758934021 0.76120924949645996 1.9511439800262451 0 1/00438.png

438 0.3913213312625885 0.71700930595397949 0.4967212975025177 -0.29331424832344055 -0.72469508647918701 0.72817623615264893 1.9565293788909912 0 1/00437.png

439 0.38495254516601562 0.70816338062286377 0.50495326519012451 -0.3087691068649292 -0.67699706554412842 0.81139826774597168 1.9807806015014648 0 1/00440.png

440 0.389036625623703 0.7028576135635376 0.50967156887054443 -0.30802038311958313 -0.68564212322235107 0.83014088869094849 1.9769301414489746 0 1/00441.png

441 0.38818144798278809 0.70981323719024658 0.5027155876159668 -0.30456122756004333 -0.69140619039535522 0.79392391443252563 1.9791498184204102 0 1/00439.png

442 0.39974868297576904 0.69799375534057617 0.51595884561538696 -0.29460525512695312 -0.74334210157394409 0.84550058841705322 1.9278944730758667 0 1/00444.png

443 0.39849570393562317 0.70746886730194092 0.50836724042892456 -0.28679534792900085 -0.77301919460296631 0.83287769556045532 1.9120885133743286 0 1/00446.png

444 0.39346158504486084 0.69640529155731201 0.51571416854858398 -0.30699610710144043 -0.69569671154022217 0.85351067781448364 1.9622247219085693 0 1/00442.png

445 0.3872954249382019 0.71381312608718872 0.51378333568572998 -0.2765859067440033 -0.77918261289596558 0.76333677768707275 1.9293966293334961 0 1/00447.png

446 0.3954099714756012 0.69661045074462891 0.51665413379669189 -0.30241256952285767 -0.70867598056793213 0.85744059085845947 1.9503875970840454 0 1/00443.png

447 0.39987689256668091 0.70282852649688721 0.51164281368255615 -0.29043453931808472 -0.76168942451477051 0.84242594242095947 1.9129189252853394 0 1/00445.png

448 0.35215726494789124 0.72400486469268799 0.54413914680480957 -0.23603962361812592 -0.81350791454315186 0.49459794163703918 1.9463417530059814 0 1/00451.png

449 0.37503978610038757 0.71935707330703735 0.51981049776077271 -0.26770785450935364 -0.77865386009216309 0.69164085388183594 1.9442689418792725 0 1/00448.png

450 0.36643818020820618 0.72095739841461182 0.52713608741760254 -0.26090419292449951 -0.77713841199874878 0.63625633716583252 1.9540061950683594 0 1/00449.png

451 0.35806512832641602 0.72152715921401978 0.53691434860229492 -0.25082045793533325 -0.78448915481567383 0.56716537475585938 1.9636123180389404 0 1/00450.png

452 0.34884059429168701 0.73101794719696045 0.54834288358688354 -0.20794975757598877 -0.88885456323623657 0.39706844091415405 1.893220067024231 0 1/00453.png

453 0.34226760268211365 0.73649466037750244 0.55335861444473267 -0.18499428033828735 -0.94099420309066772 0.31138256192207336 1.8444128036499023 0 1/00456.png

454 0.34801870584487915 0.7289499044418335 0.54708302021026611 -0.21957948803901672 -0.85285097360610962 0.43399995565414429 1.9285740852355957 0 1/00452.png

455 0.34756320714950562 0.73143023252487183 0.55050694942474365 -0.20285922288894653 -0.90726006031036377 0.37464967370033264 1.8799304962158203 0 1/00454.png

456 0.33516296744346619 0.74043393135070801 0.55744647979736328 -0.16934242844581604 -0.97463715076446533 0.24199068546295166 1.8118661642074585 0 1/00458.png

457 0.33904632925987244 0.73759549856185913 0.55543714761734009 -0.18024985492229462 -0.9519035816192627 0.28443953394889832 1.8350405693054199 0 1/00457.png

458 0.34349527955055237 0.74177283048629761 0.56238055229187012 -0.12454789876937866 -1.1029624938964844 0.1359025239944458 1.6787225008010864 0 1/00461.png

459 0.34493935108184814 0.74179059267044067 0.55903595685958862 -0.13506397604942322 -1.0718370676040649 0.17222735285758972 1.6944839954376221 0 1/00460.png

460 0.34322357177734375 0.73249036073684692 0.55421972274780273 -0.19620382785797119 -0.91564708948135376 0.3406389057636261 1.8698309659957886 0 1/00455.png

461 0.33526062965393066 0.74287539720535278 0.56673723459243774 -0.1206045001745224 -1.1075494289398193 0.094596266746520996 1.6700996160507202 0 1/00463.png

462 0.34227576851844788 0.74234557151794434 0.55645996332168579 -0.14873658120632172 -1.0289421081542969 0.20762288570404053 1.7216598987579346 0 1/00459.png

463 0.31041830778121948 0.75220000743865967 0.56997758150100708 -0.11384695768356323 -1.0812447071075439 0.00058162212371826172 1.647743821144104 0 1/00466.png

464 0.31599944829940796 0.74894839525222778 0.57034248113632202 -0.11802570521831512 -1.0886437892913818 0.036660313606262207 1.677250862121582 0 1/00465.png

465 0.32582220435142517 0.74569791555404663 0.56903213262557983 -0.11822438985109329 -1.0983402729034424 0.063366055488586426 1.6735445261001587 0 1/00464.png

466 0.30241259932518005 0.75886565446853638 0.56716388463973999 -0.10485544055700302 -1.0923651456832886 -0.044604659080505371 1.6058378219604492 0 1/00468.png

467 0.28126153349876404 0.77119934558868408 0.56279635429382324 -0.096973471343517303 -1.0860517024993896 -0.10961520671844482 1.5698891878128052 0 1/00471.png

468 0.34145283699035645 0.74092847108840942 0.56557703018188477 -0.12065476924180984 -1.115004301071167 0.11218184232711792 1.6668117046356201 0 1/00462.png

469 0.29800495505332947 0.76279979944229126 0.56495201587677002 -0.10079009830951691 -1.0982201099395752 -0.064326107501983643 1.5853654146194458 0 1/00469.png

470 0.3074919581413269 0.75490117073059082 0.56886738538742065 -0.10937425494194031 -1.085824728012085 -0.023181796073913574 1.6197606325149536 0 1/00467.png

471 0.27484631538391113 0.77340137958526611 0.5629773736000061 -0.096779428422451019 -1.0735040903091431 -0.12773704528808594 1.5650913715362549 0 1/00472.png

472 0.29224503040313721 0.76662427186965942 0.56355750560760498 -0.096347719430923462 -1.1005237102508545 -0.08752065896987915 1.5698205232620239 0 1/00470.png

473 0.2658904492855072 0.78030502796173096 0.55807632207870483 -0.094747267663478851 -1.0406392812728882 -0.15826141834259033 1.5344105958938599 0 1/00474.png

474 0.26976954936981201 0.77576708793640137 0.56233227252960205 -0.095876224339008331 -1.0539481639862061 -0.1489531397819519 1.5492465496063232 0 1/00473.png

475 0.25880253314971924 0.78605103492736816 0.55271881818771362 -0.098219409584999084 -0.96986919641494751 -0.18491673469543457 1.5005072355270386 0 1/00478.png

476 0.26382380723953247 0.78261375427246094 0.55589091777801514 -0.094329394400119781 -1.0262619256973267 -0.16690707206726074 1.5207680463790894 0 1/00475.png

477 0.26255503296852112 0.78342241048812866 0.5548856258392334 -0.097036764025688171 -1.0053360462188721 -0.17006802558898926 1.5147351026535034 0 1/00476.png

478 0.25495073199272156 0.79065459966659546 0.54850494861602783 -0.09490889310836792 -0.9276348352432251 -0.2122991681098938 1.4760146141052246 0 1/00481.png

479 0.26007157564163208 0.78573530912399292 0.55262285470962524 -0.097932517528533936 -0.98903250694274902 -0.17483651638031006 1.5083776712417603 0 1/00477.png

480 0.25793033838272095 0.78619790077209473 0.55305331945419312 -0.097451694309711456 -0.95388507843017578 -0.1964869499206543 1.4911351203918457 0 1/00479.png

481 0.25428181886672974 0.79487711191177368 0.54260802268981934 -0.095329150557518005 -0.89496880769729614 -0.21672654151916504 1.4618842601776123 0 1/00483.png

482 0.25343585014343262 0.7969900369644165 0.53985345363616943 -0.095579013228416443 -0.87996184825897217 -0.22119641304016113 1.4574154615402222 0 1/00484.png

483 0.2481861412525177 0.80305582284927368 0.53451031446456909 -0.088338792324066162 -0.85807883739471436 -0.24691754579544067 1.4381560087203979 0 1/00486.png

484 0.25797578692436218 0.78852784633636475 0.54987591505050659 -0.0964822918176651 -0.94321596622467041 -0.19911998510360718 1.4816520214080811 0 1/00480.png

485 0.25067344307899475 0.79987317323684692 0.53715014457702637 -0.093997225165367126 -0.86606466770172119 -0.23080039024353027 1.4504050016403198 0 1/00485.png

486 0.25527697801589966 0.79224753379821777 0.54600942134857178 -0.095137760043144226 -0.91095602512359619 -0.21584451198577881 1.466198205947876 0 1/00482.png

487 0.22839425504207611 0.8130536675453186 0.52824944257736206 -0.087933704257011414 -0.79551362991333008 -0.28514820337295532 1.4274899959564209 0 1/00489.png

488 0.22339195013046265 0.81341981887817383 0.52971476316452026 -0.08858075737953186 -0.7549053430557251 -0.2975161075592041 1.4253027439117432 0 1/00491.png

489 0.22405530512332916 0.81332451105117798 0.52967286109924316 -0.088028654456138611 -0.77292275428771973 -0.2963525652885437 1.42719566822052 0 1/00490.png

490 0.23369605839252472 0.81094545125961304 0.52927511930465698 -0.087301582098007202 -0.81768465042114258 -0.27479338645935059 1.4289617538452148 0 1/00488.png

491 0.24157799780368805 0.8065912127494812 0.5322650671005249 -0.088003396987915039 -0.83860337734222412 -0.26204037666320801 1.4328538179397583 0 1/00487.png

492 0.21745876967906952 0.81553322076797485 0.52897125482559204 -0.088354580104351044 -0.70810937881469727 -0.30672281980514526 1.42315673828125 0 1/00494.png

493 0.22134754061698914 0.81393229961395264 0.52949798107147217 -0.090284653007984161 -0.73510420322418213 -0.2972034215927124 1.4285002946853638 0 1/00492.png

494 0.21139237284660339 0.82111454010009766 0.52266067266464233 -0.088937871158123016 -0.68566817045211792 -0.30684155225753784 1.4179664850234985 0 1/00496.png

495 0.21981281042098999 0.81395894289016724 0.53016972541809082 -0.089850954711437225 -0.71919262409210205 -0.30140531063079834 1.4278686046600342 0 1/00493.png

496 0.20944680273532867 0.82310396432876587 0.52013593912124634 -0.089946836233139038 -0.67434602975845337 -0.30535447597503662 1.4165306091308594 0 1/00497.png

497 0.20355468988418579 0.82595992088317871 0.5179939866065979 -0.089654587209224701 -0.66012614965438843 -0.31219315528869629 1.414365291595459 0 1/00498.png

498 0.21549373865127563 0.81843715906143188 0.52516597509384155 -0.089015290141105652 -0.69754183292388916 -0.30301302671432495 1.4207781553268433 0 1/00495.png

499 0.208820641040802 0.8357962965965271 0.49946495890617371 -0.091505043208599091 -0.64260518550872803 -0.26219087839126587 1.3977961540222168 0 1/00503.png

500 0.20246793329715729 0.83024847507476807 0.51182258129119873 -0.087930820882320404 -0.65181225538253784 -0.30507272481918335 1.4066222906112671 0 1/00500.png

501 0.20503777265548706 0.82645827531814575 0.51630926132202148 -0.091384232044219971 -0.64985466003417969 -0.30388277769088745 1.4107654094696045 0 1/00499.png

502 0.21202890574932098 0.83637171983718872 0.49473980069160461 -0.10372357815504074 -0.61075437068939209 -0.2217937707901001 1.4142564535140991 0 1/00505.png

503 0.20709331333637238 0.83417725563049316 0.50348496437072754 -0.088111065328121185 -0.65106111764907837 -0.28238505125045776 1.3937095403671265 0 1/00502.png

504 0.21121883392333984 0.83666485548019409 0.49599844217300415 -0.096767827868461609 -0.63014757633209229 -0.24080151319503784 1.4044325351715088 0 1/00504.png

505 0.20408357679843903 0.83416211605072021 0.505321204662323 -0.084699094295501709 -0.65954673290252686 -0.29873210191726685 1.3927900791168213 0 1/00501.png

506 0.21814964711666107 0.8347211480140686 0.49348661303520203 -0.11010155826807022 -0.59552335739135742 -0.18870341777801514 1.422751784324646 0 1/00506.png

507 0.22490271925926208 0.83397215604782104 0.49032106995582581 -0.11616534739732742 -0.58714497089385986 -0.15666729211807251 1.4306087493896484 0 1/00507.png

508 0.24037182331085205 0.8332829475402832 0.48266315460205078 -0.12205387651920319 -0.58768975734710693 -0.089504718780517578 1.4340463876724243 0 1/00509.png

509 0.2323741614818573 0.83316051959991455 0.48746296763420105 -0.11927130073308945 -0.58592712879180908 -0.12514317035675049 1.4325971603393555 0 1/00508.png

510 0.25215083360671997 0.83570170402526855 0.46923676133155823 -0.1335645467042923 -0.57515561580657959 -0.018556356430053711 1.4416496753692627 0 1/00511.png

511 0.24779675900936127 0.83420276641845703 0.47557488083839417 -0.1285727471113205 -0.58256566524505615 -0.050233662128448486 1.439038872718811 0 1/00510.png

512 0.25593796372413635 0.83716922998428345 0.46359607577323914 -0.13682852685451508 -0.57122522592544556 0.0074851512908935547 1.4450836181640625 0 1/00512.png

513 0.26757678389549255 0.84823578596115112 0.43682026863098145 -0.1344873458147049 -0.58496981859207153 0.077722787857055664 1.427638053894043 0 1/00517.png

514 0.25723984837532043 0.84546220302581787 0.44812470674514771 -0.1349281519651413 -0.5735785961151123 0.039050638675689697 1.4383852481842041 0 1/00515.png

515 0.26215618848800659 0.84715819358825684 0.44129392504692078 -0.13732005655765533 -0.57412368059158325 0.061926841735839844 1.4334161281585693 0 1/00516.png

516 0.2578369677066803 0.84094583988189697 0.45543712377548218 -0.13750375807285309 -0.57359755039215088 0.027285516262054443 1.4433127641677856 0 1/00513.png

517 0.26758164167404175 0.85150152444839478 0.43246042728424072 -0.12776224315166473 -0.60179048776626587 0.077762424945831299 1.4210300445556641 0 1/00518.png

518 0.25775957107543945 0.84310054779052734 0.45187351107597351 -0.13620482385158539 -0.57428359985351562 0.033153295516967773 1.4416232109069824 0 1/00514.png

519 0.27403527498245239 0.8535422682762146 0.42458021640777588 -0.12689277529716492 -0.61415308713912964 0.10015344619750977 1.4091131687164307 0 1/00519.png

520 0.2753978967666626 0.85543698072433472 0.41908621788024902 -0.12942305207252502 -0.61022484302520752 0.11908537149429321 1.4126760959625244 0 1/00520.png

521 0.27480253577232361 0.85745513439178467 0.41477721929550171 -0.1312023401260376 -0.60293114185333252 0.12847721576690674 1.4167255163192749 0 1/00521.png

522 0.27498698234558105 0.86104750633239746 0.40644845366477966 -0.13333834707736969 -0.59419107437133789 0.14442199468612671 1.4182125329971313 0 1/00523.png

523 0.27376857399940491 0.85988801717758179 0.4102327823638916 -0.13172857463359833 -0.59857058525085449 0.13473057746887207 1.4170551300048828 0 1/00522.png

524 0.27831012010574341 0.86673218011856079 0.39540496468544006 -0.1223670095205307 -0.61784332990646362 0.15415877103805542 1.4074844121932983 0 1/00526.png

525 0.28268659114837646 0.87291198968887329 0.37953284382820129 -0.11860798299312592 -0.63693058490753174 0.18067598342895508 1.4005494117736816 0 1/00529.png

526 0.28212267160415649 0.88382750749588013 0.35588857531547546 -0.11224563419818878 -0.66276931762695312 0.20002439618110657 1.3868256807327271 0 1/00532.png

527 0.27478516101837158 0.86313188076019287 0.40301084518432617 -0.13068559765815735 -0.59708970785140991 0.14638614654541016 1.4170705080032349 0 1/00524.png

528 0.27710190415382385 0.8650098443031311 0.3983130156993866 -0.12774676084518433 -0.60633683204650879 0.15305575728416443 1.4120075702667236 0 1/00525.png

529 0.28377172350883484 0.87007951736450195 0.38460120558738708 -0.12048733234405518 -0.63196182250976562 0.17878136038780212 1.4012414216995239 0 1/00528.png

530 0.27793723344802856 0.89152878522872925 0.34110373258590698 -0.10758978873491287 -0.67260265350341797 0.19989684224128723 1.3777779340744019 0 1/00534.png

531 0.28480350971221924 0.88015943765640259 0.3620796799659729 -0.11447548121213913 -0.65727967023849487 0.20312759280204773 1.3892486095428467 0 1/00531.png

532 0.28402820229530334 0.87546801567077637 0.37290185689926147 -0.11759231984615326 -0.6444936990737915 0.1895902156829834 1.395511269569397 0 1/00530.png

533 0.28058600425720215 0.88692599534988403 0.34947597980499268 -0.11180423945188522 -0.6650395393371582 0.20134949684143066 1.3831878900527954 0 1/00533.png

534 0.28109803795814514 0.86794090270996094 0.39108508825302124 -0.12130547314882278 -0.62591224908828735 0.16507372260093689 1.4037775993347168 0 1/00527.png

535 0.27374207973480225 0.89555007219314575 0.33595103025436401 -0.10095652937889099 -0.68395799398422241 0.18706002831459045 1.3689632415771484 0 1/00535.png

536 0.27294263243675232 0.90373456478118896 0.32035574316978455 -0.078347600996494293 -0.73205071687698364 0.17102181911468506 1.3289153575897217 0 1/00538.png

537 0.27710792422294617 0.89974468946456909 0.32574135065078735 -0.086967132985591888 -0.71898233890533447 0.18790745735168457 1.3430168628692627 0 1/00537.png

538 0.27672061324119568 0.90407240390777588 0.31631708145141602 -0.077603518962860107 -0.73740017414093018 0.17704716324806213 1.3175358772277832 0 1/00539.png

539 0.27236512303352356 0.90957564115524292 0.30626192688941956 -0.068506091833114624 -0.74848562479019165 0.1680932343006134 1.3024990558624268 0 1/00541.png

540 0.27748969197273254 0.8959275484085083 0.33300352096557617 -0.097067289054393768 -0.69856727123260498 0.18992257118225098 1.3552533388137817 0 1/00536.png

541 0.2880917489528656 0.90957397222518921 0.29017287492752075 -0.074014417827129364 -0.74236655235290527 0.23386746644973755 1.2871158123016357 0 1/00546.png

542 0.27251607179641724 0.91063618659973145 0.30303892493247986 -0.068146884441375732 -0.74640607833862305 0.16988351941108704 1.2955957651138306 0 1/00542.png

543 0.27553695440292358 0.9077795147895813 0.30804869532585144 -0.071565821766853333 -0.74718564748764038 0.18149799108505249 1.308087944984436 0 1/00540.png

544 0.27570879459381104 0.91104209423065186 0.29805633425712585 -0.071759812533855438 -0.74107158184051514 0.18941017985343933 1.29581618309021 0 1/00543.png

545 0.28112873435020447 0.91029196977615356 0.29491189122200012 -0.073226705193519592 -0.7398524284362793 0.20817750692367554 1.2927534580230713 0 1/00545.png

546 0.29066219925880432 0.90849775075912476 0.29046979546546936 -0.075990177690982819 -0.74055087566375732 0.24384415149688721 1.2909586429595947 0 1/00547.png

547 0.27697676420211792 0.91123557090759277 0.29643365740776062 -0.071137823164463043 -0.74094641208648682 0.19496053457260132 1.2954823970794678 0 1/00544.png

548 0.28867107629776001 0.90910249948501587 0.28959977626800537 -0.079584389925003052 -0.72936910390853882 0.24833860993385315 1.2982574701309204 0 1/00549.png

549 0.2880827784538269 0.90973097085952759 0.28929749131202698 -0.075530551373958588 -0.73842930793762207 0.2427574098110199 1.2942314147949219 0 1/00548.png

550 0.2889808714389801 0.90847885608673096 0.29017102718353271 -0.083409011363983154 -0.71867048740386963 0.26020997762680054 1.3065371513366699 0 1/00551.png

551 0.28977876901626587 0.90865802764892578 0.28870812058448792 -0.083764389157295227 -0.71950739622116089 0.25910326838493347 1.3031021356582642 0 1/00550.png

552 0.2893199622631073 0.90920263528823853 0.28846591711044312 -0.080199398100376129 -0.72592222690582275 0.26207351684570312 1.3023953437805176 0 1/00552.png

553 0.29507282376289368 0.90794539451599121 0.28341862559318542 -0.090780220925807953 -0.71467864513397217 0.30919584631919861 1.3101277351379395 0 1/00556.png

554 0.29602190852165222 0.90736299753189087 0.28597024083137512 -0.085348807275295258 -0.72374820709228516 0.29220014810562134 1.300635814666748 0 1/00554.png

555 0.29613989591598511 0.90762704610824585 0.28407824039459229 -0.088396564126014709 -0.71849286556243896 0.30460113286972046 1.3067609071731567 0 1/00555.png

556 0.30609944462776184 0.90436869859695435 0.28195074200630188 -0.094468064606189728 -0.72267836332321167 0.3593195378780365 1.2991631031036377 0 1/00562.png

557 0.29734602570533752 0.90764188766479492 0.2807002067565918 -0.094757594168186188 -0.71097326278686523 0.32929682731628418 1.3102840185165405 0 1/00558.png

558 0.29640880227088928 0.90799081325531006 0.28135019540786743 -0.092393428087234497 -0.71347939968109131 0.31948983669281006 1.3088287115097046 0 1/00557.png

559 0.30423632264137268 0.90480458736419678 0.28269919753074646 -0.09407457709312439 -0.72052484750747681 0.34995651245117188 1.3018155097961426 0 1/00561.png

560 0.29943877458572388 0.90647441148757935 0.28194323182106018 -0.095648236572742462 -0.71128642559051514 0.33701431751251221 1.3098158836364746 0 1/00559.png

561 0.29110044240951538 0.90906894207000732 0.28710103034973145 -0.080169454216957092 -0.7291530966758728 0.27017062902450562 1.2981843948364258 0 1/00553.png

562 0.30112427473068237 0.90586358308792114 0.28243502974510193 -0.094688281416893005 -0.71535444259643555 0.3424418568611145 1.307274341583252 0 1/00560.png

563 0.30693912506103516 0.90377956628799438 0.28222125768661499 -0.096550770103931427 -0.72032463550567627 0.36608800292015076 1.3009313344955444 0 1/00563.png

564 0.30451381206512451 0.905830979347229 0.27639713883399963 -0.10171668231487274 -0.707694411277771 0.38018020987510681 1.3038785457611084 0 1/00567.png

565 0.30565229058265686 0.90496784448623657 0.27853259444236755 -0.10014767199754715 -0.71152281761169434 0.37589764595031738 1.303152322769165 0 1/00565.png

566 0.30498790740966797 0.90522599220275879 0.2783312201499939 -0.10039892792701721 -0.71135973930358887 0.37720227241516113 1.3036808967590332 0 1/00566.png

567 0.30388545989990234 0.90537726879119873 0.27946069836616516 -0.099234499037265778 -0.71182286739349365 0.37371775507926941 1.3017017841339111 0 1/00570.png

568 0.30354416370391846 0.90503221750259399 0.28125125169754028 -0.09836280345916748 -0.71465569734573364 0.3702932596206665 1.3009629249572754 0 1/00571.png

569 0.30352401733398438 0.90568637847900391 0.27757853269577026 -0.1027403399348259 -0.7043418288230896 0.37793257832527161 1.3064075708389282 0 1/00568.png

570 0.30577722191810608 0.90482455492019653 0.27922520041465759 -0.099126428365707397 -0.71374058723449707 0.37278836965560913 1.3033261299133301 0 1/00564.png

571 0.30515357851982117 0.90421324968338013 0.28151753544807434 -0.10013747215270996 -0.71180176734924316 0.37506392598152161 1.3011361360549927 0 1/00572.png

572 0.30297648906707764 0.90544158220291138 0.27947512269020081 -0.10136266797780991 -0.70656478404998779 0.37328606843948364 1.3054360151290894 0 1/00569.png

573 0.30443474650382996 0.90482246875762939 0.28017345070838928 -0.10059085488319397 -0.70987057685852051 0.37881940603256226 1.3025463819503784 0 1/00573.png

